 3.04452244e+00 2.35137526e+00 2.39789527e+00
 3.04436924e+00 2.35132364e+00 2.39782271e+00
 3.04390961e+00 2.35116877e+00 2.39760501e+00
 3.04314338e+00 2.35091066e+00 2.39724217e+00
 3.04207029e+00 2.35054929e+00 2.39673417e+00
 3.04068996e+00 2.35008466e+00 2.39608098e+00
 3.03900194e+00 2.34951673e+00 2.39528256e+00
 3.03700564e+00 2.34884550e+00 2.39433887e+00
 3.03470036e+00 2.34807094e+00 2.39324987e+00
 3.03208530e+00 2.34719302e+00 2.39201548e+00
 3.02915957e+00 2.34621171e+00 2.39063565e+00
 3.02592214e+00 2.34512698e+00 2.38911029e+00
 3.02237188e+00 2.34393879e+00 2.38743934e+00
 3.01850753e+00 2.34264710e+00 2.38562269e+00
 3.01432773e+00 2.34125186e+00 2.38366025e+00
 3.00983099e+00 2.33975302e+00 2.38155191e+00
 3.00501570e+00 2.33815053e+00 2.37929756e+00
 2.99988012e+00 2.33644434e+00 2.37689708e+00
 2.99442240e+00 2.33463437e+00 2.37435034e+00
 2.98864053e+00 2.33272058e+00 2.37165720e+00
 2.98253238e+00 2.33070290e+00 2.36881751e+00
 2.97609569e+00 2.32858124e+00 2.36583113e+00
 2.96932803e+00 2.32635554e+00 2.36269790e+00
 2.96222684e+00 2.32402572e+00 2.35941764e+00
 2.95478942e+00 2.32159170e+00 2.35599019e+00
 2.94701287e+00 2.31905339e+00 2.35241535e+00
 2.93889418e+00 2.31641071e+00 2.34869294e+00
 2.93043012e+00 2.31366356e+00 2.34482276e+00
 2.92161732e+00 2.31081184e+00 2.34080461e+00
 2.91245220e+00 2.30785546e+00 2.33663827e+00
 2.90293101e+00 2.30479431e+00 2.33232351e+00
 2.89304978e+00 2.30162828e+00 2.32786012e+00
 2.88280436e+00 2.29835728e+00 2.32324786e+00
 2.87219035e+00 2.29498117e+00 2.31848648e+00
 2.86120316e+00 2.29149985e+00 2.31357573e+00
 2.84983792e+00 2.28791319e+00 2.30851537e+00
 2.83808956e+00 2.28422107e+00 2.30330511e+00
 2.82595269e+00 2.28042335e+00 2.29794470e+00
 2.81342171e+00 2.27651992e+00 2.29243385e+00
 2.80049067e+00 2.27251064e+00 2.28677228e+00
 2.78715336e+00 2.26839535e+00 2.28095969e+00
 2.77340322e+00 2.26417393e+00 2.27499579e+00
 2.75923338e+00 2.25984623e+00 2.26888027e+00
 2.74463659e+00 2.25541210e+00 2.26261282e+00
 2.72960521e+00 2.25087138e+00 2.25619312e+00
 2.71413123e+00 2.24622393e+00 2.24962084e+00
 2.69820619e+00 2.24146957e+00 2.24289566e+00
 2.68182118e+00 2.23660816e+00 2.23601724e+00
 2.66496681e+00 2.23163952e+00 2.22898522e+00
 2.64763319e+00 2.22656348e+00 2.22179928e+00
 2.62980986e+00 2.22137987e+00 2.21445904e+00
 2.61148578e+00 2.21608852e+00 2.20696415e+00
 2.59264929e+00 2.21068925e+00 2.19931424e+00
 2.57328805e+00 2.20518187e+00 2.19150895e+00
 2.55338903e+00 2.19956620e+00 2.18354790e+00
 2.53293838e+00 2.19384205e+00 2.17543070e+00
 2.51192146e+00 2.18800923e+00 2.16715698e+00
 2.49032271e+00 2.18206755e+00 2.15872634e+00
 2.46812560e+00 2.17601680e+00 2.15013840e+00
 2.44531258e+00 2.16985678e+00 2.14139275e+00
 2.42186494e+00 2.16358730e+00 2.13248899e+00
 2.39776274e+00 2.15720814e+00 2.12342673e+00
 2.37298473e+00 2.15071910e+00 2.11420556e+00
 2.34750818e+00 2.14411996e+00 2.10482507e+00
 2.32130876e+00 2.13741051e+00 2.09528485e+00
 2.29436043e+00 2.13059053e+00 2.08558449e+00
 2.26663522e+00 2.12365980e+00 2.07572358e+00
 2.23810306e+00 2.11661810e+00 2.06570171e+00
 2.20873159e+00 2.10946520e+00 2.05551846e+00
 2.17848587e+00 2.10220087e+00 2.04517342e+00
 2.14732817e+00 2.09482489e+00 2.03466619e+00
 2.11521758e+00 2.08733702e+00 2.02399634e+00
 2.08210974e+00 2.07973703e+00 2.01316348e+00
 2.04795634e+00 2.07202468e+00 2.00216720e+00
 2.01270471e+00 2.06419974e+00 1.99100710e+00
 1.97629728e+00 2.05626195e+00 1.97968277e+00
 1.93867087e+00 2.04821109e+00 1.96819384e+00
 1.89975605e+00 2.04004690e+00 1.95653992e+00
 1.85947618e+00 2.03176915e+00 1.94472062e+00
 1.81774644e+00 2.02337758e+00 1.93273557e+00
 1.77447259e+00 2.01487195e+00 1.92058442e+00
 1.72954952e+00 2.00625201e+00 1.90826681e+00
 1.68285949e+00 1.99751750e+00 1.89578240e+00
 1.63427004e+00 1.98866819e+00 1.88313086e+00
 1.58363140e+00 1.97970381e+00 1.87031187e+00
 1.53077332e+00 1.97062412e+00 1.85732513e+00
 1.47550113e+00 1.96142886e+00 1.84417036e+00
 1.41759084e+00 1.95211778e+00 1.83084729e+00
 1.35678289e+00 1.94269064e+00 1.81735567e+00
 1.29277417e+00 1.93314717e+00 1.80369528e+00
 1.22520767e+00 1.92348714e+00 1.78986590e+00
 1.15365882e+00 1.91371028e+00 1.77586735e+00
 1.07761725e+00 1.90381635e+00 1.76169949e+00
 9.96461912e-01 1.89380510e+00 1.74736218e+00
 9.09426473e-01 1.88367629e+00 1.73285533e+00
 8.15550036e-01 1.87342967e+00 1.71817887e+00
 7.13604978e-01 1.86306501e+00 1.70333278e+00
 6.01987894e-01 1.85258205e+00 1.68831707e+00
 4.78548364e-01 1.84198057e+00 1.67313179e+00
 3.40307470e-01 1.83126033e+00 1.65777702e+00
 1.82968150e-01 1.82042110e+00 1.64225291e+00
 0.00000000e+00 1.80946266e+00 1.62655966e+00
 1.79711060e-01 1.79838478e+00 1.61069749e+00
 3.29133865e-01 1.78718725e+00 1.59466672e+00
 4.56542017e-01 1.77586986e+00 1.57846769e+00
 5.67203299e-01 1.76443240e+00 1.56210083e+00
 6.64679399e-01 1.75287468e+00 1.54556664e+00
 7.51491162e-01 1.74119650e+00 1.52886566e+00
 8.29488189e-01 1.72939767e+00 1.51199855e+00
 9.00067676e-01 1.71747802e+00 1.49496602e+00
 9.64310733e-01 1.70543738e+00 1.47776887e+00
 1.02307094e+00 1.69327559e+00 1.46040802e+00
 1.07703390e+00 1.68099250e+00 1.44288446e+00
 1.12675849e+00 1.66858797e+00 1.42519928e+00
 1.17270616e+00 1.65606187e+00 1.40735369e+00
 1.21526226e+00 1.64341408e+00 1.38934903e+00
 1.25475179e+00 1.63064451e+00 1.37118673e+00
 1.29145128e+00 1.61775306e+00 1.35286837e+00
 1.32559786e+00 1.60473965e+00 1.33439567e+00
 1.35739637e+00 1.59160422e+00 1.31577049e+00
 1.38702483e+00 1.57834674e+00 1.29699482e+00
 1.41463887e+00 1.56496717e+00 1.27807085e+00
 1.44037524e+00 1.55146550e+00 1.25900091e+00
 1.46435468e+00 1.53784174e+00 1.23978751e+00
 1.48668422e+00 1.52409592e+00 1.22043337e+00
 1.50745915e+00 1.51022811e+00 1.20094138e+00
 1.52676453e+00 1.49623836e+00 1.18131465e+00
 1.54467660e+00 1.48212679e+00 1.16155651e+00
 1.56126382e+00 1.46789351e+00 1.14167051e+00
 1.57658787e+00 1.45353868e+00 1.12166044e+00
 1.59070440e+00 1.43906247e+00 1.10153036e+00
 1.60366374e+00 1.42446511e+00 1.08128457e+00
 1.61551147e+00 1.40974683e+00 1.06092765e+00
 1.62628892e+00 1.39490790e+00 1.04046447e+00
 1.63603361e+00 1.37994864e+00 1.01990020e+00
 1.64477962e+00 1.36486940e+00 9.99240329e-01
 1.65255790e+00 1.34967056e+00 9.78490653e-01
 1.65939660e+00 1.33435254e+00 9.57657322e-01
 1.66532125e+00 1.31891583e+00 9.36746834e-01
 1.67035503e+00 1.30336093e+00 9.15766050e-01
 1.67451896e+00 1.28768840e+00 8.94722209e-01
 1.67783203e+00 1.27189887e+00 8.73622944e-01
 1.68031136e+00 1.25599299e+00 8.52476287e-01
 1.68197235e+00 1.23997148e+00 8.31290688e-01
 1.68282877e+00 1.22383512e+00 8.10075025e-01
 1.68289286e+00 1.20758475e+00 7.88838615e-01
 1.68217544e+00 1.19122127e+00 7.67591223e-01
 1.68068595e+00 1.17474564e+00 7.46343076e-01
 1.67843254e+00 1.15815890e+00 7.25104866e-01
 1.67542209e+00 1.14146216e+00 7.03887763e-01
 1.67166033e+00 1.12465659e+00 6.82703419e-01
 1.66715178e+00 1.10774347e+00 6.61563971e-01
 1.66189988e+00 1.09072414e+00 6.40482045e-01
 1.65590693e+00 1.07360003e+00 6.19470758e-01
 1.64917416e+00 1.05637266e+00 5.98543714e-01
 1.64170173e+00 1.03904365e+00 5.77715003e-01
 1.63348873e+00 1.02161472e+00 5.56999190e-01
 1.62453318e+00 1.00408767e+00 5.36411310e-01
 1.61483201e+00 9.86464444e-01 5.15966852e-01
 1.60438109e+00 9.68747067e-01 4.95681744e-01
 1.59317515e+00 9.50937692e-01 4.75572332e-01
 1.58120779e+00 9.33038591e-01 4.55655357e-01
 1.56847145e+00 9.15052162e-01 4.35947925e-01
 1.55495735e+00 8.96980934e-01 4.16467475e-01
 1.54065544e+00 8.78827569e-01 3.97231747e-01
 1.52555437e+00 8.60594871e-01 3.78258730e-01
 1.50964139e+00 8.42285790e-01 3.59566628e-01
 1.49290228e+00 8.23903427e-01 3.41173800e-01
 1.47532127e+00 8.05451038e-01 3.23098707e-01
 1.45688095e+00 7.86932045e-01 3.05359855e-01
 1.43756211e+00 7.68350032e-01 2.87975725e-01
 1.41734365e+00 7.49708760e-01 2.70964711e-01
 1.39620242e+00 7.31012168e-01 2.54345040e-01
 1.37411302e+00 7.12264377e-01 2.38134702e-01
 1.35104764e+00 6.93469700e-01 2.22351367e-01
 1.32697583e+00 6.74632645e-01 2.07012304e-01
 1.30186422e+00 6.55757918e-01 1.92134301e-01
 1.27567625e+00 6.36850434e-01 1.77733573e-01
 1.24837184e+00 6.17915317e-01 1.63825685e-01
 1.21990698e+00 5.98957908e-01 1.50425459e-01
 1.19023331e+00 5.79983767e-01 1.37546898e-01
 1.15929760e+00 5.60998682e-01 1.25203098e-01
 1.12704111e+00 5.42008668e-01 1.13406173e-01
 1.09339896e+00 5.23019973e-01 1.02167180e-01
 1.05829924e+00 5.04039085e-01 9.14960493e-02
 1.02166209e+00 4.85072729e-01 8.14015184e-02
 9.83398519e-01 4.66127873e-01 7.18910780e-02
 9.43409043e-01 4.47211729e-01 6.29709199e-02
 9.01582049e-01 4.28331756e-01 5.46458959e-02
 8.57791801e-01 4.09495658e-01 4.69194838e-02
 8.11896026e-01 3.90711386e-01 3.97937638e-02
 7.63732948e-01 3.71987135e-01 3.32694035e-02
 7.13117628e-01 3.53331344e-01 2.73456526e-02
 6.59837379e-01 3.34752693e-01 2.20203477e-02
 6.03645995e-01 3.16260099e-01 1.72899264e-02
 5.44256377e-01 2.97862709e-01 1.31494510e-02
 4.81331006e-01 2.79569896e-01 9.59264144e-03
 4.14469463e-01 2.61391252e-01 6.61191673e-03
 3.43191804e-01 2.43336578e-01 4.19844438e-03
 2.66916055e-01 2.25415873e-01 2.34219753e-03
 1.84927112e-01 2.07639323e-01 1.03201844e-03
 9.63327770e-02 1.90017289e-01 2.55687984e-04
 0.00000000e+00 1.72560292e-01 0.00000000e+00
 9.54574050e-02 1.55278993e-01 2.50839667e-04
 1.81720066e-01 1.38184182e-01 9.93265013e-04
 2.60261299e-01 1.21286752e-01 2.21159060e-03
 3.32216780e-01 1.04597679e-01 3.88947247e-03
 3.98480412e-01 8.81280012e-02 6.00999357e-03
 4.59768394e-01 7.18887940e-02 8.55574869e-03
 5.16663377e-01 5.58911417e-02 1.15089283e-02
 5.69645699e-01 4.01461113e-02 1.48514005e-02
 6.19115975e-01 2.46647229e-02 1.85647906e-02
 6.65411783e-01 9.45791933e-03 2.26305575e-02
 7.08820186e-01 5.43377865e-03 2.70300666e-02
 7.49587293e-01 1.96931188e-02 3.17446590e-02
 7.87925652e-01 3.32627979e-02 3.67557168e-02
 8.24020046e-01 4.61734823e-02 4.20447228e-02
 8.58032078e-01 5.84537231e-02 4.75933172e-02
 8.90103855e-01 7.01301521e-02 5.33833488e-02
 9.20360952e-01 8.12276570e-02 5.93969212e-02
 9.48914841e-01 9.17695361e-02 6.56164355e-02
 9.75864879e-01 1.01777637e-01 7.20246269e-02
 1.00129996e+00 1.11272481e-01 7.86045982e-02
 1.02529987e+00 1.20273375e-01 8.53398482e-02
 1.04793649e+00 1.28798509e-01 9.22142959e-02
 1.06927471e+00 1.36865050e-01 9.92123016e-02
 1.08937329e+00 1.44489221e-01 1.06318683e-01
 1.10828554e+00 1.51686376e-01 1.13518730e-01
 1.12605998e+00 1.58471066e-01 1.20798211e-01
 1.14274076e+00 1.64857100e-01 1.28143386e-01
 1.15836821e+00 1.70857604e-01 1.35541006e-01
 1.17297916e+00 1.76485064e-01 1.42978315e-01
 1.18660731e+00 1.81751379e-01 1.50443055e-01
 1.19928353e+00 1.86667900e-01 1.57923456e-01
 1.21103609e+00 1.91245470e-01 1.65408238e-01
 1.22189091e+00 1.95494460e-01 1.72886599e-01
 1.23187175e+00 1.99424800e-01 1.80348216e-01
 1.24100041e+00 2.03046009e-01 1.87783229e-01
 1.24929685e+00 2.06367226e-01 1.95182236e-01
 1.25677934e+00 2.09397234e-01 2.02536278e-01
 1.26346461e+00 2.12144479e-01 2.09836836e-01
 1.26936792e+00 2.14617103e-01 2.17075811e-01
 1.27450317e+00 2.16822952e-01 2.24245516e-01
 1.27888299e+00 2.18769603e-01 2.31338663e-01
 1.28251882e+00 2.20464381e-01 2.38348351e-01
 1.28542096e+00 2.21914371e-01 2.45268053e-01
 1.28759866e+00 2.23126437e-01 2.52091601e-01
 1.28906012e+00 2.24107235e-01 2.58813176e-01
 1.28981258e+00 2.24863228e-01 2.65427294e-01
 1.28986236e+00 2.25400694e-01 2.71928793e-01
 1.28921487e+00 2.25725742e-01 2.78312820e-01
 1.28787465e+00 2.25844322e-01 2.84574822e-01
 1.28584540e+00 2.25762234e-01 2.90710530e-01
 1.28312997e+00 2.25485136e-01 2.96715950e-01
 1.27973044e+00 2.25018558e-01 3.02587348e-01
 1.27564807e+00 2.24367905e-01 3.08321245e-01
 1.27088333e+00 2.23538468e-01 3.13914400e-01
 1.26543590e+00 2.22535429e-01 3.19363804e-01
 1.25930470e+00 2.21363871e-01 3.24666666e-01
 1.25248784e+00 2.20028783e-01 3.29820409e-01
 1.24498262e+00 2.18535064e-01 3.34822654e-01
 1.23678557e+00 2.16887531e-01 3.39671216e-01
 1.22789237e+00 2.15090927e-01 3.44364093e-01
 1.21829786e+00 2.13149918e-01 3.48899459e-01
 1.20799603e+00 2.11069107e-01 3.53275656e-01
 1.19697995e+00 2.08853033e-01 3.57491186e-01
 1.18524179e+00 2.06506174e-01 3.61544704e-01
 1.17277274e+00 2.04032956e-01 3.65435011e-01
 1.15956297e+00 2.01437752e-01 3.69161048e-01
 1.14560160e+00 1.98724889e-01 3.72721890e-01
 1.13087664e+00 1.95898648e-01 3.76116740e-01
 1.11537489e+00 1.92963269e-01 3.79344923e-01
 1.09908192e+00 1.89922951e-01 3.82405882e-01
 1.08198194e+00 1.86781858e-01 3.85299171e-01
 1.06405773e+00 1.83544121e-01 3.88024452e-01
 1.04529053e+00 1.80213836e-01 3.90581492e-01
 1.02565993e+00 1.76795070e-01 3.92970154e-01
 1.00514372e+00 1.73291863e-01 3.95190398e-01
 9.83717743e-01 1.69708224e-01 3.97242277e-01
 9.61355742e-01 1.66048141e-01 3.99125930e-01
 9.38029145e-01 1.62315575e-01 4.00841582e-01
 9.13706856e-01 1.58514463e-01 4.02389539e-01
 8.88355004e-01 1.54648720e-01 4.03770190e-01
 8.61936659e-01 1.50722241e-01 4.04983996e-01
 8.34411508e-01 1.46738897e-01 4.06031496e-01
 8.05735481e-01 1.42702540e-01 4.06913300e-01
 7.75860321e-01 1.38617001e-01 4.07630088e-01
 7.44733089e-01 1.34486089e-01 4.08182610e-01
 7.12295589e-01 1.30313595e-01 4.08571681e-01
 6.78483697e-01 1.26103288e-01 4.08798183e-01
 6.43226573e-01 1.21858915e-01 4.08863059e-01
 6.06445745e-01 1.17584203e-01 4.08767318e-01
 5.68054008e-01 1.13282855e-01 4.08512029e-01
 5.27954133e-01 1.08958555e-01 4.08098321e-01
 4.86037308e-01 1.04614959e-01 4.07527385e-01
 4.42181266e-01 1.00255702e-01 4.06800467e-01
 3.96248016e-01 9.58843894e-02 4.05918876e-01
 3.48081059e-01 9.15046037e-02 4.04883975e-01
 2.97501964e-01 8.71198970e-02 4.03697186e-01
 2.44306100e-01 8.27337922e-02 4.02359988e-01
 1.88257273e-01 7.83497813e-02 4.00873918e-01
 1.29080906e-01 7.39713233e-02 3.99240566e-01
 6.64552626e-02 6.96018429e-02 3.97461581e-01
 0.00000000e+00 6.52447282e-02 3.95538670e-01
 6.60638786e-02 6.09033294e-02 3.93473593e-01
 1.27610274e-01 5.65809566e-02 3.91268170e-01
 1.85138249e-01 5.22808774e-02 3.88924274e-01
 2.39063350e-01 4.80063152e-02 3.86443840e-01
 2.89735252e-01 4.37604472e-02 3.83828855e-01
 3.37450978e-01 3.95464013e-02 3.81081368e-01
 3.82464949e-01 3.53672549e-02 3.78203484e-01
 4.24996743e-01 3.12260320e-02 3.75197366e-01
 4.65237164e-01 2.71257006e-02 3.72065237e-01
 5.03353035e-01 2.30691712e-02 3.68809379e-01
 5.39491033e-01 1.90592934e-02 3.65432132e-01
 5.73780784e-01 1.50988544e-02 3.61935900e-01
 6.06337382e-01 1.11905759e-02 3.58323143e-01
 6.37263454e-01 7.33711212e-03 3.54596386e-01
 6.66650873e-01 3.54104741e-03 3.50758214e-01
 6.94582184e-01 1.95068214e-04 3.46811273e-01
 7.21131790e-01 3.85400074e-03 3.42758275e-01
 7.46366967e-01 7.42250212e-03 3.38601991e-01
 7.70348711e-01 1.08999935e-02 3.34345257e-01
 7.93132471e-01 1.42859786e-02 3.29990974e-01
 8.14768765e-01 1.75800405e-02 3.25542107e-01
 8.35303723e-01 2.07818388e-02 3.21001682e-01
 8.54779543e-01 2.38911067e-02 3.16372794e-01
 8.73234901e-01 2.69076486e-02 3.11658600e-01
 8.90705292e-01 2.98313368e-02 3.06862323e-01
 9.07223341e-01 3.26621099e-02 3.01987251e-01
 9.22819071e-01 3.53999695e-02 2.97036736e-01
 9.37520134e-01 3.80449787e-02 2.92014194e-01
 9.51352024e-01 4.05972592e-02 2.86923108e-01
 9.64338256e-01 4.30569896e-02 2.81767022e-01
 9.76500532e-01 4.54244032e-02 2.76549546e-01
 9.87858883e-01 4.76997860e-02 2.71274351e-01
 9.98431799e-01 4.98834749e-02 2.65945171e-01
 1.00823634e+00 5.19758560e-02 2.60565801e-01
 1.01728825e+00 5.39773627e-02 2.55140096e-01
 1.02560203e+00 5.58884741e-02 2.49671971e-01
 1.03319102e+00 5.77097135e-02 2.44165397e-01
 1.04006751e+00 5.94416467e-02 2.38624401e-01
 1.04624274e+00 6.10848808e-02 2.33053067e-01
 1.05172703e+00 6.26400627e-02 2.27455528e-01
 1.05652976e+00 6.41078775e-02 2.21835970e-01
 1.06065949e+00 6.54890477e-02 2.16198624e-01
 1.06412395e+00 6.67843317e-02 2.10547770e-01
 1.06693007e+00 6.79945225e-02 2.04887729e-01
 1.06908408e+00 6.91204468e-02 1.99222860e-01
 1.07059145e+00 7.01629640e-02 1.93557561e-01
 1.07145700e+00 7.11229645e-02 1.87896263e-01
 1.07168484e+00 7.20013697e-02 1.82243426e-01
 1.07127847e+00 7.27991302e-02 1.76603534e-01
 1.07024073e+00 7.35172251e-02 1.70981096e-01
 1.06857385e+00 7.41566612e-02 1.65380635e-01
 1.06627945e+00 7.47184723e-02 1.59806688e-01
 1.06335853e+00 7.52037177e-02 1.54263799e-01
 1.05981153e+00 7.56134822e-02 1.48756518e-01
 1.05563827e+00 7.59488745e-02 1.43289387e-01
 1.05083798e+00 7.62110272e-02 1.37866945e-01
 1.04540929e+00 7.64010955e-02 1.32493715e-01
 1.03935025e+00 7.65202565e-02 1.27174200e-01
 1.03265829e+00 7.65697089e-02 1.21912880e-01
 1.02533023e+00 7.65506718e-02 1.16714200e-01
 1.01736226e+00 7.64643841e-02 1.11582569e-01
 1.00874992e+00 7.63121044e-02 1.06522351e-01
 9.99488112e-01 7.60951093e-02 1.01537857e-01
 9.89571043e-01 7.58146937e-02 9.66333419e-02
 9.78992224e-01 7.54721696e-02 9.18129938e-02
 9.67744434e-01 7.50688657e-02 8.70809293e-02
 9.55819692e-01 7.46061265e-02 8.24411857e-02
 9.43209223e-01 7.40853121e-02 7.78977142e-02
 9.29903419e-01 7.35077969e-02 7.34543725e-02
 9.15891794e-01 7.28749699e-02 6.91149181e-02
 9.01162937e-01 7.21882329e-02 6.48830011e-02
 8.85704456e-01 7.14490011e-02 6.07621575e-02
 8.69502920e-01 7.06587014e-02 5.67558019e-02
 8.52543788e-01 6.98187725e-02 5.28672215e-02
 8.34811333e-01 6.89306639e-02 4.90995689e-02
 8.16288563e-01 6.79958352e-02 4.54558563e-02
 7.96957120e-01 6.70157558e-02 4.19389489e-02
 7.76797177e-01 6.59919037e-02 3.85515595e-02
 7.55787323e-01 6.49257656e-02 3.52962424e-02
 7.33904425e-01 6.38188354e-02 3.21753884e-02
 7.11123483e-01 6.26726140e-02 2.91912199e-02
 6.87417462e-01 6.14886086e-02 2.63457856e-02
 6.62757101e-01 6.02683319e-02 2.36409573e-02
 6.37110701e-01 5.90133011e-02 2.10784249e-02
 6.10443882e-01 5.77250380e-02 1.86596938e-02
 5.82719306e-01 5.64050674e-02 1.63860814e-02
 5.53896366e-01 5.50549167e-02 1.42587147e-02
 5.23930821e-01 5.36761154e-02 1.22785281e-02
 4.92774387e-01 5.22701940e-02 1.04462617e-02
 4.60374256e-01 5.08386832e-02 8.76246032e-03
 4.26672547e-01 4.93831135e-02 7.22747270e-03
 3.91605663e-01 4.79050141e-02 5.84145130e-03
 3.55103542e-01 4.64059120e-02 4.60435268e-03
 3.17088776e-01 4.48873317e-02 3.51593826e-03
 2.77475573e-01 4.33507937e-02 2.57577566e-03
 2.36168525e-01 4.17978144e-02 1.78324045e-03
 1.93061137e-01 4.02299044e-02 1.13751841e-03
 1.48034059e-01 3.86485686e-02 6.37608257e-04
 1.00952946e-01 3.70553046e-02 2.82324826e-04
 5.16658476e-02 3.54516022e-02 7.03026521e-05
 0.00000000e+00 3.38389425e-02 0.00000000e+00
 5.14507089e-02 3.22187969e-02 6.97032793e-05
 1.00133910e-01 3.05926264e-02 2.77531832e-04
 1.46276515e-01 2.89618805e-02 6.21443071e-04
 1.90075584e-01 2.73279966e-02 1.09923795e-03
 2.31703342e-01 2.56923988e-02 1.70856672e-03
 2.71311175e-01 2.40564972e-02 2.44693499e-03
 3.09032858e-01 2.24216870e-02 3.31170999e-03
 3.44987171e-01 2.07893476e-02 4.30012708e-03
 3.79280048e-01 1.91608416e-02 5.40929646e-03
 4.12006355e-01 1.75375141e-02 6.63621001e-03
 4.43251356e-01 1.59206917e-02 7.97774826e-03
 4.73091961e-01 1.43116816e-02 9.43068754e-03
 5.01597756e-01 1.27117709e-02 1.09917071e-02
 5.28831893e-01 1.11222255e-02 1.26573962e-02
 5.54851837e-01 9.54428963e-03 1.44242619e-02
 5.79710009e-01 7.97918446e-03 1.62887353e-02
 6.03454342e-01 6.42810776e-03 1.82471798e-02
 6.26128756e-01 4.89223289e-03 2.02958976e-02
 6.47773573e-01 3.37270799e-03 2.24311370e-02
 6.68425878e-01 1.87065528e-03 2.46490994e-02
 6.88119834e-01 3.87170214e-04 2.69459463e-02
 7.06886958e-01 1.07552119e-03 2.93178056e-02
 7.24756366e-01 2.51351938e-03 3.17607788e-02
 7.41754982e-01 3.92586735e-03 3.42709471e-02
 7.57907736e-01 5.31179428e-03 3.68443776e-02
 7.73237723e-01 6.67056538e-03 3.94771295e-02
 7.87766362e-01 8.00148157e-03 4.21652602e-02
 8.01513520e-01 9.30387922e-03 4.49048305e-02
 8.14497639e-01 1.05771299e-02 4.76919105e-02
 8.26735837e-01 1.18206399e-02 5.05225844e-02
 8.38244005e-01 1.30338501e-02 5.33929559e-02
 8.49036897e-01 1.42162356e-02 5.62991529e-02
 8.59128198e-01 1.53673051e-02 5.92373316e-02
 8.68530603e-01 1.64866010e-02 6.22036817e-02
 8.77255872e-01 1.75736984e-02 6.51944294e-02
 8.85314892e-01 1.86282054e-02 6.82058421e-02
 8.92717722e-01 1.96497621e-02 7.12342317e-02
 8.99473646e-01 2.06380405e-02 7.42759578e-02
 9.05591205e-01 2.15927443e-02 7.73274313e-02
 9.11078244e-01 2.25136077e-02 8.03851167e-02
 9.15941939e-01 2.34003960e-02 8.34455355e-02
 9.20188829e-01 2.42529043e-02 8.65052682e-02
 9.23824842e-01 2.50709574e-02 8.95609569e-02
 9.26855322e-01 2.58544097e-02 9.26093073e-02
 9.29285048e-01 2.66031440e-02 9.56470905e-02
 9.31118252e-01 2.73170718e-02 9.86711450e-02
 9.32358641e-01 2.79961321e-02 1.01678378e-01
 9.33009404e-01 2.86402918e-02 1.04665766e-01
 9.33073233e-01 2.92495445e-02 1.07630359e-01
 9.32552324e-01 2.98239104e-02 1.10569277e-01
 9.31448397e-01 3.03634357e-02 1.13479715e-01
 9.29762692e-01 3.08681922e-02 1.16358942e-01
 9.27495984e-01 3.13382768e-02 1.19204300e-01
 9.24648580e-01 3.17738112e-02 1.22013208e-01
 9.21220325e-01 3.21749409e-02 1.24783160e-01
 9.17210600e-01 3.25418356e-02 1.27511726e-01
 9.12618321e-01 3.28746878e-02 1.30196553e-01
 9.07441940e-01 3.31737129e-02 1.32835362e-01
 9.01679438e-01 3.34391484e-02 1.35425951e-01
 8.95328315e-01 3.36712540e-02 1.37966197e-01
 8.88385592e-01 3.38703102e-02 1.40454048e-01
 8.80847792e-01 3.40366186e-02 1.42887531e-01
 8.72710935e-01 3.41705010e-02 1.45264748e-01
 8.63970522e-01 3.42722993e-02 1.47583874e-01
 8.54621521e-01 3.43423745e-02 1.49843162e-01
 8.44658349e-01 3.43811065e-02 1.52040936e-01
 8.34074853e-01 3.43888937e-02 1.54175596e-01
 8.22864288e-01 3.43661525e-02 1.56245613e-01
 8.11019294e-01 3.43133164e-02 1.58249533e-01
 7.98531864e-01 3.42308362e-02 1.60185972e-01
 7.85393318e-01 3.41191788e-02 1.62053617e-01
 7.71594270e-01 3.39788272e-02 1.63851229e-01
 7.57124585e-01 3.38102799e-02 1.65577636e-01
 7.41973343e-01 3.36140502e-02 1.67231735e-01
 7.26128792e-01 3.33906660e-02 1.68812494e-01
 7.09578293e-01 3.31406690e-02 1.70318949e-01
 6.92308272e-01 3.28646145e-02 1.71750201e-01
 6.74304149e-01 3.25630707e-02 1.73105420e-01
 6.55550276e-01 3.22366180e-02 1.74383840e-01
 6.36029857e-01 3.18858492e-02 1.75584762e-01
 6.15724864e-01 3.15113681e-02 1.76707551e-01
 5.94615944e-01 3.11137896e-02 1.77751635e-01
 5.72682311e-01 3.06937391e-02 1.78716507e-01
 5.49901634e-01 3.02518516e-02 1.79601721e-01
 5.26249900e-01 2.97887718e-02 1.80406894e-01
 5.01701272e-01 2.93051530e-02 1.81131703e-01
 4.76227921e-01 2.88016570e-02 1.81775888e-01
 4.49799845e-01 2.82789533e-02 1.82339245e-01
 4.22384656e-01 2.77377188e-02 1.82821634e-01
 3.93947347e-01 2.71786371e-02 1.83222971e-01
 3.64450020e-01 2.66023981e-02 1.83543230e-01
 3.33851586e-01 2.60096973e-02 1.83782444e-01
 3.02107410e-01 2.54012355e-02 1.83940703e-01
 2.69168919e-01 2.47777180e-02 1.84018153e-01
 2.34983133e-01 2.41398546e-02 1.84014996e-01
 1.99492144e-01 2.34883583e-02 1.83931490e-01
 1.62632493e-01 2.28239453e-02 1.83767946e-01
 1.24334453e-01 2.21473343e-02 1.83524734e-01
 8.45211900e-02 2.14592462e-02 1.83202272e-01
 4.31077731e-02 2.07604032e-02 1.82801038e-01
 0.00000000e+00 2.00515283e-02 1.82321557e-01
 4.29767310e-02 1.93333452e-02 1.81764411e-01
 8.40184290e-02 1.86065774e-02 1.81130231e-01
 1.23247928e-01 1.78719474e-02 1.80419704e-01
 1.60774797e-01 1.71301771e-02 1.79633563e-01
 1.96697179e-01 1.63819862e-02 1.78772596e-01
 2.31103326e-01 1.56280924e-02 1.77837640e-01
 2.64072876e-01 1.48692106e-02 1.76829581e-01
 2.95677931e-01 1.41060523e-02 1.75749357e-01
 3.25983972e-01 1.33393255e-02 1.74597952e-01
 3.55050631e-01 1.25697335e-02 1.73376402e-01
 3.82932362e-01 1.17979751e-02 1.72085789e-01
 4.09679005e-01 1.10247437e-02 1.70727244e-01
 4.35336285e-01 1.02507267e-02 1.69301945e-01
 4.59946236e-01 9.47660530e-03 1.67811116e-01
 4.83547576e-01 8.70305396e-03 1.66256030e-01
 5.06176028e-01 7.93073974e-03 1.64638002e-01
 5.27864611e-01 7.16032195e-03 1.62958397e-01
 5.48643885e-01 6.39245165e-03 1.61218622e-01
 5.68542177e-01 5.62777120e-03 1.59420128e-01
 5.87585773e-01 4.86691376e-03 1.57564412e-01
 6.05799095e-01 4.11050289e-03 1.55653012e-01
 6.23204854e-01 3.35915211e-03 1.53687511e-01
 6.39824188e-01 2.61346441e-03 1.51669531e-01
 6.55676785e-01 1.87403190e-03 1.49600738e-01
 6.70780997e-01 1.14143535e-03 1.47482836e-01
 6.85153932e-01 4.16243822e-04 1.45317570e-01
 6.98811550e-01 3.00895188e-04 1.43106725e-01
 7.11768742e-01 1.00869044e-03 1.40852122e-01
 7.24039399e-01 1.70647707e-03 1.38555621e-01
 7.35636481e-01 2.39377900e-03 1.36219118e-01
 7.46572075e-01 3.07013581e-03 1.33844542e-01
 7.56857451e-01 3.73510280e-03 1.31433860e-01
 7.66503105e-01 4.38825116e-03 1.28989069e-01
 7.75518809e-01 5.02916804e-03 1.26512202e-01
 7.83913649e-01 5.65745661e-03 1.24005318e-01
 7.91696060e-01 6.27273621e-03 1.21470510e-01
 7.98873862e-01 6.87464230e-03 1.18909896e-01
 8.05454286e-01 7.46282659e-03 1.16325625e-01
 8.11444007e-01 8.03695702e-03 1.13719868e-01
 8.16849161e-01 8.59671781e-03 1.11094823e-01
 8.21675375e-01 9.14180944e-03 1.08452707e-01
 8.25927780e-01 9.67194865e-03 1.05795763e-01
 8.29611037e-01 1.01868684e-02 1.03126249e-01
 8.32729346e-01 1.06863180e-02 1.00446443e-01
 8.35286464e-01 1.11700627e-02 9.77586381e-02
 8.37285718e-01 1.16378841e-02 9.50651423e-02
 8.38730017e-01 1.20895798e-02 9.23682747e-02
 8.39621858e-01 1.25249631e-02 8.96703648e-02
 8.39963341e-01 1.29438638e-02 8.69737504e-02
 8.39756171e-01 1.33461269e-02 8.42807750e-02
 8.39001666e-01 1.37316135e-02 8.15937861e-02
 8.37700762e-01 1.41002002e-02 7.89151324e-02
 8.35854017e-01 1.44517791e-02 7.62471624e-02
 8.33461613e-01 1.47862576e-02 7.35922211e-02
 8.30523358e-01 1.51035584e-02 7.09526480e-02
 8.27038683e-01 1.54036192e-02 6.83307751e-02
 8.23006647e-01 1.56863926e-02 6.57289235e-02
 8.18425933e-01 1.59518462e-02 6.31494017e-02
 8.13294840e-01 1.61999620e-02 6.05945023e-02
 8.07611287e-01 1.64307364e-02 5.80665001e-02
 8.01372802e-01 1.66441803e-02 5.55676490e-02
 7.94576517e-01 1.68403183e-02 5.31001793e-02
 7.87219162e-01 1.70191891e-02 5.06662952e-02
 7.79297052e-01 1.71808452e-02 4.82681722e-02
 7.70806080e-01 1.73253522e-02 4.59079538e-02
 7.61741707e-01 1.74527893e-02 4.35877497e-02
 7.52098942e-01 1.75632486e-02 4.13096320e-02
 7.41872335e-01 1.76568348e-02 3.90756334e-02
 7.31055952e-01 1.77336657e-02 3.68877441e-02
 7.19643366e-01 1.77938709e-02 3.47479088e-02
 7.07627631e-01 1.78375924e-02 3.26580247e-02
 6.95001258e-01 1.78649841e-02 3.06199383e-02
 6.81756197e-01 1.78762113e-02 2.86354433e-02
 6.67883804e-01 1.78714509e-02 2.67062776e-02
 6.53374812e-01 1.78508907e-02 2.48341209e-02
 6.38219304e-01 1.78147295e-02 2.30205928e-02
 6.22406668e-01 1.77631766e-02 2.12672495e-02
 6.05925564e-01 1.76964517e-02 1.95755826e-02
 5.88763882e-01 1.76147843e-02 1.79470158e-02
 5.70908688e-01 1.75184139e-02 1.63829038e-02
 5.52346176e-01 1.74075893e-02 1.48845296e-02
 5.33061611e-01 1.72825685e-02 1.34531027e-02
 5.13039263e-01 1.71436185e-02 1.20897577e-02
 4.92262340e-01 1.69910149e-02 1.07955520e-02
 4.70712909e-01 1.68250413e-02 9.57146489e-03
 4.48371810e-01 1.66459898e-02 8.41839547e-03
 4.25218562e-01 1.64541597e-02 7.33716176e-03
 4.01231259e-01 1.62498581e-02 6.32849938e-03
 3.76386452e-01 1.60333989e-02 5.39306050e-03
 3.50659018e-01 1.58051030e-02 4.53141298e-03
 3.24022016e-01 1.55652976e-02 3.74403958e-03
 2.96446523e-01 1.53143161e-02 3.03133738e-03
 2.67901452e-01 1.50524977e-02 2.39361732e-03
 2.38353345e-01 1.47801873e-02 1.83110388e-03
 2.07766141e-01 1.44977349e-02 1.34393495e-03
 1.76100914e-01 1.42054952e-02 9.32161841e-04
 1.43315574e-01 1.39038277e-02 5.95749404e-04
 1.09364523e-01 1.35930960e-02 3.34576379e-04
 7.41982733e-02 1.32736677e-02 1.48435837e-04
 3.77629941e-02 1.29459140e-02 3.70357998e-05
 0.00000000e+00 1.26102092e-02 0.00000000e+00
 3.76793357e-02 1.22669307e-02 3.68687859e-05
 7.38757270e-02 1.19164584e-02 1.47100173e-04
 1.08664293e-01 1.15591745e-02 3.30071033e-04
 1.42113303e-01 1.11954634e-02 5.85078416e-04
 1.74284987e-01 1.08257106e-02 9.11341007e-04
 2.05236215e-01 1.04503035e-02 1.30800070e-03
 2.35019097e-01 1.00696301e-02 1.77412432e-03
 2.63681490e-01 9.68407917e-03 2.30870541e-03
 2.91267440e-01 9.29403981e-03 2.91066617e-03
 3.17817567e-01 8.89990117e-03 3.57885948e-03
 3.43369406e-01 8.50205205e-03 4.31207105e-03
 3.67957694e-01 8.10088068e-03 5.10902159e-03
 3.91614640e-01 7.69677433e-03 5.96836914e-03
 4.14370144e-01 7.29011902e-03 6.88871144e-03
 4.36252008e-01 6.88129923e-03 7.86858836e-03
 4.57286109e-01 6.47069758e-03 8.90648443e-03
 4.77496567e-01 6.05869451e-03 1.00008314e-02
 4.96905882e-01 5.64566800e-03 1.11500107e-02
 5.15535064e-01 5.23199328e-03 1.23523564e-02
 5.33403749e-01 4.81804251e-03 1.36061576e-02
 5.50530301e-01 4.40418450e-03 1.49096613e-02
 5.66931905e-01 3.99078443e-03 1.62610750e-02
 5.82624651e-01 3.57820358e-03 1.76585697e-02
 5.97623610e-01 3.16679903e-03 1.91002823e-02
 6.11942901e-01 2.75692339e-03 2.05843184e-02
 6.25595758e-01 2.34892455e-03 2.21087555e-02
 6.38594578e-01 1.94314544e-03 2.36716450e-02
 6.50950981e-01 1.53992370e-03 2.52710157e-02
 6.62675852e-01 1.13959150e-03 2.69048758e-02
 6.73779384e-01 7.42475288e-04 2.85712158e-02
 6.84271117e-01 3.48895512e-04 3.02680115e-02
 6.94159975e-01 4.08319028e-05 3.19932259e-02
 7.03454296e-01 4.26222390e-04 3.37448123e-02
 7.12161863e-01 8.06863444e-04 3.55207167e-02
 7.20289929e-01 1.18247195e-03 3.73188800e-02
 7.27845245e-01 1.55277255e-03 3.91372408e-02
 7.34834080e-01 1.91749781e-03 4.09737372e-02
 7.41262241e-01 2.27638833e-03 4.28263097e-02
 7.47135094e-01 2.62919284e-03 4.46929032e-02
 7.52457577e-01 2.97566839e-03 4.65714687e-02
 7.57234221e-01 3.31558036e-03 4.84599663e-02
 7.61469161e-01 3.64870263e-03 5.03563665e-02
 7.65166146e-01 3.97481763e-03 5.22586524e-02
 7.68328554e-01 4.29371643e-03 5.41648219e-02
 7.70959404e-01 4.60519881e-03 5.60728889e-02
 7.73061358e-01 4.90907334e-03 5.79808856e-02
 7.74636737e-01 5.20515740e-03 5.98868642e-02
 7.75687521e-01 5.49327727e-03 6.17888980e-02
 7.76215361e-01 5.77326811e-03 6.36850836e-02
 7.76221579e-01 6.04497408e-03 6.55735420e-02
 7.75707177e-01 6.30824827e-03 6.74524200e-02
 7.74672836e-01 6.56295280e-03 6.93198919e-02
 7.73118921e-01 6.80895876e-03 7.11741604e-02
 7.71045484e-01 7.04614625e-03 7.30134580e-02
 7.68452259e-01 7.27440440e-03 7.48360482e-02
 7.65338669e-01 7.49363128e-03 7.66402265e-02
 7.61703822e-01 7.70373396e-03 7.84243215e-02
 7.57546508e-01 7.90462845e-03 8.01866957e-02
 7.52865200e-01 8.09623967e-03 8.19257468e-02
 7.47658049e-01 8.27850141e-03 8.36399079e-02
 7.41922879e-01 8.45135628e-03 8.53276492e-02
 7.35657183e-01 8.61475568e-03 8.69874780e-02
 7.28858118e-01 8.76865973e-03 8.86179395e-02
 7.21522499e-01 8.91303720e-03 9.02176178e-02
 7.13646787e-01 9.04786544e-03 9.17851363e-02
 7.05227085e-01 9.17313032e-03 9.33191582e-02
 6.96259127e-01 9.28882614e-03 9.48183869e-02
 6.86738265e-01 9.39495553e-03 9.62815668e-02
 6.76659460e-01 9.49152938e-03 9.77074835e-02
 6.66017267e-01 9.57856673e-03 9.90949641e-02
 6.54805822e-01 9.65609468e-03 1.00442878e-01
 6.43018823e-01 9.72414826e-03 1.01750136e-01
 6.30649516e-01 9.78277033e-03 1.03015692e-01
 6.17690674e-01 9.83201146e-03 1.04238544e-01
 6.04134575e-01 9.87192983e-03 1.05417730e-01
 5.89972983e-01 9.90259106e-03 1.06552333e-01
 5.75197121e-01 9.92406811e-03 1.07641481e-01
 5.59797640e-01 9.93644112e-03 1.08684341e-01
 5.43764597e-01 9.93979732e-03 1.09680129e-01
 5.27087418e-01 9.93423082e-03 1.10628100e-01
 5.09754863e-01 9.91984250e-03 1.11527554e-01
 4.91754989e-01 9.89673986e-03 1.12377837e-01
 4.73075109e-01 9.86503686e-03 1.13178337e-01
 4.53701742e-01 9.82485373e-03 1.13928484e-01
 4.33620569e-01 9.77631687e-03 1.14627755e-01
 4.12816373e-01 9.71955862e-03 1.15275669e-01
 3.91272981e-01 9.65471713e-03 1.15871789e-01
 3.68973198e-01 9.58193619e-03 1.16415721e-01
 3.45898737e-01 9.50136502e-03 1.16907116e-01
 3.22030132e-01 9.41315813e-03 1.17345666e-01
 2.97346658e-01 9.31747512e-03 1.17731109e-01
 2.71826229e-01 9.21448051e-03 1.18063224e-01
 2.45445289e-01 9.10434352e-03 1.18341836e-01
 2.18178698e-01 8.98723795e-03 1.18566808e-01
 1.89999595e-01 8.86334191e-03 1.18738052e-01
 1.60879250e-01 8.73283769e-03 1.18855517e-01
 1.30786899e-01 8.59591154e-03 1.18919199e-01
 9.96895627e-02 8.45275348e-03 1.18929133e-01
 6.75518326e-02 8.30355710e-03 1.18885398e-01
 3.43356419e-02 8.14851937e-03 1.18788114e-01
 0.00000000e+00 7.98784044e-03 1.18637442e-01
 3.42821888e-02 7.82172342e-03 1.18433588e-01
 6.73450881e-02 7.65037421e-03 1.18176795e-01
 9.92394021e-02 7.47400128e-03 1.17867350e-01
 1.30011853e-01 7.29281547e-03 1.17505578e-01
 1.59705584e-01 7.10702978e-03 1.17091849e-01
 1.88360508e-01 6.91685920e-03 1.16626567e-01
 2.16013620e-01 6.72252045e-03 1.16110183e-01
 2.42699262e-01 6.52423183e-03 1.15543182e-01
 2.68449369e-01 6.32221297e-03 1.14926092e-01
 2.93293675e-01 6.11668468e-03 1.14259477e-01
 3.17259909e-01 5.90786870e-03 1.13543944e-01
 3.40373952e-01 5.69598752e-03 1.12780134e-01
 3.62659999e-01 5.48126418e-03 1.11968729e-01
 3.84140684e-01 5.26392206e-03 1.11110448e-01
 4.04837205e-01 5.04418469e-03 1.10206047e-01
 4.24769429e-01 4.82227553e-03 1.09256318e-01
 4.43955996e-01 4.59841782e-03 1.08262093e-01
 4.62414399e-01 4.37283433e-03 1.07224235e-01
 4.80161071e-01 4.14574719e-03 1.06143647e-01
 4.97211451e-01 3.91737773e-03 1.05021265e-01
 5.13580056e-01 3.68794623e-03 1.03858059e-01
 5.29280537e-01 3.45767178e-03 1.02655036e-01
 5.44325733e-01 3.22677206e-03 1.01413233e-01
 5.58727723e-01 2.99546318e-03 1.00133723e-01
 5.72497870e-01 2.76395951e-03 9.88176091e-02
 5.85646862e-01 2.53247346e-03 9.74660278e-02
 5.98184751e-01 2.30121536e-03 9.60801457e-02
 6.10120987e-01 2.07039323e-03 9.46611605e-02
 6.21464451e-01 1.84021266e-03 9.32102993e-02
 6.32223482e-01 1.61087663e-03 9.17288183e-02
 6.42405905e-01 1.38258533e-03 9.02180019e-02
 6.52019058e-01 1.15553603e-03 8.86791622e-02
 6.61069810e-01 9.29922893e-04 8.71136376e-02
 6.69564583e-01 7.05936861e-04 8.55227924e-02
 6.77509375e-01 4.83765481e-04 8.39080158e-02
 6.84909772e-01 2.63592775e-04 8.22707209e-02
 6.91770967e-01 4.55990970e-05 8.06123439e-02
 6.98097774e-01 1.70010091e-04 7.89343427e-02
 7.03894643e-01 3.83002145e-04 7.72381963e-02
 7.09165667e-01 5.93209908e-04 7.55254037e-02
 7.13914600e-01 8.00472707e-04 7.37974824e-02
 7.18144862e-01 1.00463438e-03 7.20559676e-02
 7.21859551e-01 1.20554335e-03 7.03024111e-02
 7.25061450e-01 1.40305273e-03 6.85383796e-02
 7.27753033e-01 1.59702040e-03 6.67654539e-02
 7.29936475e-01 1.78730909e-03 6.49852275e-02
 7.31613654e-01 1.97378643e-03 6.31993051e-02
 7.32786159e-01 2.15632503e-03 6.14093014e-02
 7.33455293e-01 2.33480255e-03 5.96168397e-02
 7.33622077e-01 2.50910175e-03 5.78235502e-02
 7.33287250e-01 2.67911051e-03 5.60310691e-02
 7.32451277e-01 2.84472195e-03 5.42410362e-02
 7.31114346e-01 3.00583437e-03 5.24550944e-02
 7.29276370e-01 3.16235138e-03 5.06748872e-02
 7.26936989e-01 3.31418188e-03 4.89020578e-02
 7.24095566e-01 3.46124007e-03 4.71382469e-02
 7.20751192e-01 3.60344552e-03 4.53850917e-02
 7.16902677e-01 3.74072316e-03 4.36442234e-02
 7.12548555e-01 3.87300327e-03 4.19172662e-02
 7.07687077e-01 4.00022153e-03 4.02058353e-02
 7.02316208e-01 4.12231899e-03 3.85115351e-02
 6.96433623e-01 4.23924205e-03 3.68359576e-02
 6.90036705e-01 4.35094251e-03 3.51806804e-02
 6.83122535e-01 4.45737749e-03 3.35472652e-02
 6.75687887e-01 4.55850947e-03 3.19372558e-02
 6.67729224e-01 4.65430623e-03 3.03521764e-02
 6.59242687e-01 4.74474083e-03 2.87935297e-02
 6.50224086e-01 4.82979158e-03 2.72627953e-02
 6.40668894e-01 4.90944203e-03 2.57614278e-02
 6.30572232e-01 4.98368088e-03 2.42908547e-02
 6.19928860e-01 5.05250199e-03 2.28524754e-02
 6.08733166e-01 5.11590430e-03 2.14476588e-02
 5.96979149e-01 5.17389177e-03 2.00777415e-02
 5.84660404e-01 5.22647336e-03 1.87440268e-02
 5.71770110e-01 5.27366294e-03 1.74477822e-02
 5.58301010e-01 5.31547924e-03 1.61902382e-02
 5.44245389e-01 5.35194579e-03 1.49725866e-02
 5.29595060e-01 5.38309081e-03 1.37959790e-02
 5.14341335e-01 5.40894720e-03 1.26615248e-02
 4.98475005e-01 5.42955242e-03 1.15702904e-02
 4.81986313e-01 5.44494839e-03 1.05232974e-02
 4.64864924e-01 5.45518148e-03 9.52152089e-03
 4.47099895e-01 5.46030233e-03 8.56588879e-03
 4.28679644e-01 5.46036585e-03 7.65728005e-03
 4.09591910e-01 5.45543105e-03 6.79652361e-03
 3.89823714e-01 5.44556099e-03 5.98439729e-03
 3.69361318e-01 5.43082267e-03 5.22162662e-03
 3.48190179e-01 5.41128694e-03 4.50888391e-03
 3.26294892e-01 5.38702836e-03 3.84678729e-03
 3.03659144e-01 5.35812514e-03 3.23589983e-03
 2.80265646e-01 5.32465900e-03 2.67672882e-03
 2.56096067e-01 5.28671506e-03 2.16972505e-03
 2.31130966e-01 5.24438176e-03 1.71528219e-03
 2.05349709e-01 5.19775070e-03 1.31373630e-03
 1.78730381e-01 5.14691656e-03 9.65365391e-04
 1.51249693e-01 5.09197695e-03 6.70389063e-04
 1.22882872e-01 5.03303232e-03 4.28968267e-04
 9.36035449e-02 4.97018582e-03 2.41205140e-04
 6.33836120e-02 4.90354319e-03 1.07142928e-04
 3.21930991e-02 4.83321260e-03 2.67660086e-05
 0.00000000e+00 4.75930459e-03 0.00000000e+00
 3.21610966e-02 4.68193187e-03 2.67119613e-05
 6.32595867e-02 4.60120924e-03 1.06710684e-04
 9.33329903e-02 4.51725345e-03 2.39747072e-04
 1.22416239e-01 4.43018306e-03 4.25514612e-04
 1.50541901e-01 4.34011833e-03 6.63649927e-04
 1.77740384e-01 4.24718107e-03 9.53733418e-04
 2.04040116e-01 4.15149451e-03 1.29528999e-03
 2.29467704e-01 4.05318318e-03 1.68778986e-03
 2.54048077e-01 3.95237278e-03 2.13064942e-03
 2.77804621e-01 3.84919002e-03 2.62323226e-03
 3.00759289e-01 3.74376254e-03 3.16485011e-03
 3.22932709e-01 3.63621872e-03 3.75476405e-03
 3.44344283e-01 3.52668759e-03 4.39218559e-03
 3.65012265e-01 3.41529869e-03 5.07627799e-03
 3.84953848e-01 3.30218192e-03 5.80615750e-03
 4.04185227e-01 3.18746744e-03 6.58089478e-03
 4.22721671e-01 3.07128552e-03 7.39951625e-03
 4.40577578e-01 2.95376643e-03 8.26100562e-03
 4.57766531e-01 2.83504028e-03 9.16430534e-03
 4.74301344e-01 2.71523693e-03 1.01083182e-02
 4.90194112e-01 2.59448585e-03 1.10919090e-02
 5.05456251e-01 2.47291600e-03 1.21139060e-02
 5.20098532e-01 2.35065570e-03 1.31731026e-02
 5.34131124e-01 2.22783251e-03 1.42682594e-02
 5.47563619e-01 2.10457313e-03 1.53981055e-02
 5.60405063e-01 1.98100325e-03 1.65613402e-02
 5.72663987e-01 1.85724747e-03 1.77566353e-02
 5.84348429e-01 1.73342916e-03 1.89826361e-02
 5.95465959e-01 1.60967035e-03 2.02379640e-02
 6.06023696e-01 1.48609164e-03 2.15212176e-02
 6.16028334e-01 1.36281209e-03 2.28309749e-02
 6.25486157e-01 1.23994909e-03 2.41657947e-02
 6.34403055e-01 1.11761827e-03 2.55242191e-02
 6.42784540e-01 9.95933431e-04 2.69047744e-02
 6.50635762e-01 8.75006391e-04 2.83059735e-02
 6.57961519e-01 7.54946938e-04 2.97263173e-02
 6.64766272e-01 6.35862716e-04 3.11642967e-02
 6.71054155e-01 5.17859141e-04 3.26183943e-02
 6.76828983e-01 4.01039316e-04 3.40870857e-02
 6.82094266e-01 2.85503943e-04 3.55688417e-02
 6.86853211e-01 1.71351251e-04 3.70621297e-02
 6.91108735e-01 5.86769090e-05 3.85654154e-02
 6.94863470e-01 5.24232895e-05 4.00771643e-02
 6.98119769e-01 1.61841049e-04 4.15958435e-02
 7.00879712e-01 2.69486493e-04 4.31199228e-02
 7.03145109e-01 3.75276074e-04 4.46478767e-02
 7.04917508e-01 4.79129184e-04 4.61781856e-02
 7.06198194e-01 5.80968206e-04 4.77093372e-02
 7.06988198e-01 6.80718557e-04 4.92398281e-02
 7.07288292e-01 7.78308739e-04 5.07681650e-02
 7.07098997e-01 8.73670373e-04 5.22928660e-02
 7.06420583e-01 9.66738241e-04 5.38124621e-02
 7.05253069e-01 1.05745031e-03 5.53254981e-02
 7.03596222e-01 1.14574779e-03 5.68305341e-02
 7.01449562e-01 1.23157510e-03 5.83261466e-02
 6.98812353e-01 1.31487997e-03 5.98109296e-02
 6.95683611e-01 1.39561339e-03 6.12834956e-02
 6.92062097e-01 1.47372968e-03 6.27424767e-02
 6.87946314e-01 1.54918646e-03 6.41865258e-02
 6.83334507e-01 1.62194467e-03 6.56143173e-02
 6.78224659e-01 1.69196860e-03 6.70245481e-02
 6.72614486e-01 1.75922588e-03 6.84159386e-02
 6.66501434e-01 1.82368744e-03 6.97872335e-02
 6.59882671e-01 1.88532757e-03 7.11372026e-02
 6.52755085e-01 1.94412386e-03 7.24646415e-02
 6.45115276e-01 2.00005721e-03 7.37683726e-02
 6.36959548e-01 2.05311183e-03 7.50472454e-02
 6.28283901e-01 2.10327518e-03 7.63001376e-02
 6.19084025e-01 2.15053799e-03 7.75259556e-02
 6.09355290e-01 2.19489422e-03 7.87236350e-02
 5.99092732e-01 2.23634103e-03 7.98921412e-02
 5.88291047e-01 2.27487874e-03 8.10304701e-02
 5.76944577e-01 2.31051084e-03 8.21376484e-02
 5.65047296e-01 2.34324390e-03 8.32127343e-02
 5.52592797e-01 2.37308755e-03 8.42548178e-02
 5.39574277e-01 2.40005445e-03 8.52630213e-02
 5.25984520e-01 2.42416025e-03 8.62364999e-02
 5.11815879e-01 2.44542351e-03 8.71744415e-02
 4.97060259e-01 2.46386568e-03 8.80760677e-02
 4.81709093e-01 2.47951104e-03 8.89406339e-02
 4.65753321e-01 2.49238664e-03 8.97674294e-02
 4.49183368e-01 2.50252223e-03 9.05557778e-02
 4.31989114e-01 2.50995025e-03 9.13050376e-02
 4.14159871e-01 2.51470570e-03 9.20146018e-02
 3.95684346e-01 2.51682613e-03 9.26838987e-02
 3.76550615e-01 2.51635153e-03 9.33123919e-02
 3.56746083e-01 2.51332432e-03 9.38995802e-02
 3.36257447e-01 2.50778920e-03 9.44449983e-02
 3.15070654e-01 2.49979317e-03 9.49482165e-02
 2.93170855e-01 2.48938536e-03 9.54088410e-02
 2.70542358e-01 2.47661703e-03 9.58265141e-02
 2.47168572e-01 2.46154146e-03 9.62009140e-02
 2.23031952e-01 2.44421387e-03 9.65317554e-02
 1.98113932e-01 2.42469134e-03 9.68187889e-02
 1.72394859e-01 2.40303275e-03 9.70618016e-02
 1.45853915e-01 2.37929865e-03 9.72606170e-02
 1.18469037e-01 2.35355124e-03 9.74150946e-02
 9.02168255e-02 2.32585421e-03 9.75251306e-02
 6.10724459e-02 2.29627273e-03 9.75906575e-02
 3.10095186e-02 2.26487330e-03 9.76116441e-02
 0.00000000e+00 2.23172370e-03 9.75880953e-02
 3.09944796e-02 2.19689286e-03 9.75200525e-02
 6.10140984e-02 2.16045084e-03 9.74075934e-02
 9.00894116e-02 2.12246867e-03 9.72508314e-02
 1.18249068e-01 2.08301828e-03 9.70499162e-02
 1.45519959e-01 2.04217243e-03 9.68050336e-02
 1.71927348e-01 2.00000461e-03 9.65164048e-02
 1.97494994e-01 1.95658892e-03 9.61842871e-02
 2.22245259e-01 1.91200002e-03 9.58089731e-02
 2.46199209e-01 1.86631300e-03 9.53907908e-02
 2.69376698e-01 1.81960331e-03 9.49301035e-02
 2.91796456e-01 1.77194669e-03 9.44273096e-02
 3.13476160e-01 1.72341902e-03 9.38828422e-02
 3.34432502e-01 1.67409627e-03 9.32971690e-02
 3.54681255e-01 1.62405443e-03 9.26707923e-02
 3.74237323e-01 1.57336937e-03 9.20042483e-02
 3.93114800e-01 1.52211676e-03 9.12981071e-02
 4.11327013e-01 1.47037202e-03 9.05529726e-02
 4.28886571e-01 1.41821021e-03 8.97694817e-02
 4.45805399e-01 1.36570593e-03 8.89483044e-02
 4.62094783e-01 1.31293323e-03 8.80901434e-02
 4.77765399e-01 1.25996558e-03 8.71957335e-02
 4.92827345e-01 1.20687572e-03 8.62658414e-02
 5.07290175e-01 1.15373561e-03 8.53012653e-02
 5.21162920e-01 1.10061636e-03 8.43028346e-02
 5.34454117e-01 1.04758812e-03 8.32714091e-02
 5.47171832e-01 9.94720031e-04 8.22078788e-02
 5.59323680e-01 9.42080125e-04 8.11131632e-02
 5.70916845e-01 8.89735275e-04 7.99882112e-02
 5.81958101e-01 8.37751105e-04 7.88340001e-02
 5.92453823e-01 7.86191924e-04 7.76515352e-02
 6.02410012e-01 7.35120662e-04 7.64418492e-02
 6.11832299e-01 6.84598794e-04 7.52060016e-02
 6.20725966e-01 6.34686284e-04 7.39450779e-02
 6.29095958e-01 5.85441518e-04 7.26601893e-02
 6.36946890e-01 5.36921244e-04 7.13524715e-02
 6.44283060e-01 4.89180514e-04 7.00230843e-02
 6.51108461e-01 4.42272630e-04 6.86732105e-02
 6.57426785e-01 3.96249086e-04 6.73040557e-02
 6.63241437e-01 3.51159521e-04 6.59168466e-02
 6.68555536e-01 3.07051669e-04 6.45128310e-02
 6.73371928e-01 2.63971313e-04 6.30932763e-02
 6.77693188e-01 2.21962239e-04 6.16594688e-02
 6.81521627e-01 1.81066198e-04 6.02127128e-02
 6.84859295e-01 1.41322868e-04 5.87543294e-02
 6.87707991e-01 1.02769813e-04 5.72856556e-02
 6.90069257e-01 6.54424576e-05 5.58080434e-02
 6.91944393e-01 2.93740494e-05 5.43228582e-02
 6.93334450e-01 5.40433479e-06 5.28314783e-02
 6.94240237e-01 3.88624512e-05 5.13352934e-02
 6.94662321e-01 7.09731331e-05 4.98357032e-02
 6.94601030e-01 1.01712340e-04 4.83341167e-02
 6.94056452e-01 1.31058309e-04 4.68319506e-02
 6.93028437e-01 1.58991568e-04 4.53306280e-02
 6.91516595e-01 1.85494946e-04 4.38315774e-02
 6.89520297e-01 2.10553577e-04 4.23362308e-02
 6.87038670e-01 2.34154906e-04 4.08460229e-02
 6.84070604e-01 2.56288691e-04 3.93623894e-02
 6.80614739e-01 2.76946999e-04 3.78867656e-02
 6.76669470e-01 2.96124204e-04 3.64205852e-02
 6.72232941e-01 3.13816980e-04 3.49652784e-02
 6.67303043e-01 3.30024288e-04 3.35222707e-02
 6.61877407e-01 3.44747369e-04 3.20929813e-02
 6.55953403e-01 3.57989724e-04 3.06788218e-02
 6.49528131e-01 3.69757100e-04 2.92811942e-02
 6.42598417e-01 3.80057467e-04 2.79014899e-02
 6.35160807e-01 3.88900997e-04 2.65410876e-02
 6.27211558e-01 3.96300038e-04 2.52013522e-02
 6.18746632e-01 4.02269086e-04 2.38836327e-02
 6.09761686e-01 4.06824755e-04 2.25892614e-02
 6.00252064e-01 4.09985741e-04 2.13195513e-02
 5.90212784e-01 4.11772795e-04 2.00757954e-02
 5.79638532e-01 4.12208675e-04 1.88592647e-02
 5.68523644e-01 4.11318112e-04 1.76712067e-02
 5.56862098e-01 4.09127770e-04 1.65128439e-02
 5.44647496e-01 4.05666194e-04 1.53853721e-02
 5.31873054e-01 4.00963771e-04 1.42899591e-02
 5.18531580e-01 3.95052676e-04 1.32277429e-02
 5.04615461e-01 3.87966826e-04 1.21998306e-02
 4.90116641e-01 3.79741822e-04 1.12072966e-02
 4.75026603e-01 3.70414898e-04 1.02511812e-02
 4.59336345e-01 3.60024865e-04 9.33248949e-03
 4.43036356e-01 3.48612049e-04 8.45218967e-03
 4.26116594e-01 3.36218235e-04 7.61121184e-03
 4.08566453e-01 3.22886601e-04 6.81044676e-03
 3.90374738e-01 3.08661660e-04 6.05074452e-03
 3.71529630e-01 2.93589191e-04 5.33291343e-03
 3.52018651e-01 2.77716171e-04 4.65771885e-03
 3.31828626e-01 2.61090713e-04 4.02588207e-03
 3.10945645e-01 2.43761995e-04 3.43807934e-03
 2.89355015e-01 2.25780184e-04 2.89494085e-03
 2.67041212e-01 2.07196374e-04 2.39704985e-03
 2.43987833e-01 1.88062506e-04 1.94494176e-03
 2.20177533e-01 1.68431298e-04 1.53910344e-03
 1.95591967e-01 1.48356169e-04 1.17997246e-03
 1.70211722e-01 1.27891165e-04 8.67936430e-04
 1.44016240e-01 1.07090883e-04 6.03332465e-04
 1.16983742e-01 8.60103928e-05 3.86446660e-04
 8.90911377e-02 6.47051613e-05 2.17513679e-04
 6.03139271e-02 4.32309740e-05 9.67164019e-05
 3.06260964e-02 2.16438574e-05 2.41856514e-05
 0.00000000e+00 0.00000000e+00 0.00000000e+00
 3.06260964e-02 2.16438574e-05 2.41856514e-05
 6.03139271e-02 4.32309740e-05 9.67164019e-05
 8.90911377e-02 6.47051613e-05 2.17513679e-04
 1.16983742e-01 8.60103928e-05 3.86446660e-04
 1.44016240e-01 1.07090883e-04 6.03332465e-04
 1.70211722e-01 1.27891165e-04 8.67936430e-04
 1.95591967e-01 1.48356169e-04 1.17997246e-03
 2.20177533e-01 1.68431298e-04 1.53910344e-03
 2.43987833e-01 1.88062506e-04 1.94494176e-03
 2.67041212e-01 2.07196374e-04 2.39704985e-03
 2.89355015e-01 2.25780184e-04 2.89494085e-03
 3.10945645e-01 2.43761995e-04 3.43807934e-03
 3.31828626e-01 2.61090713e-04 4.02588207e-03
 3.52018651e-01 2.77716171e-04 4.65771885e-03
 3.71529630e-01 2.93589191e-04 5.33291343e-03
 3.90374738e-01 3.08661660e-04 6.05074452e-03
 4.08566453e-01 3.22886601e-04 6.81044676e-03
 4.26116594e-01 3.36218235e-04 7.61121184e-03
 4.43036356e-01 3.48612049e-04 8.45218967e-03
 4.59336345e-01 3.60024865e-04 9.33248949e-03
 4.75026603e-01 3.70414898e-04 1.02511812e-02
 4.90116641e-01 3.79741822e-04 1.12072966e-02
 5.04615461e-01 3.87966826e-04 1.21998306e-02
 5.18531580e-01 3.95052676e-04 1.32277429e-02
 5.31873054e-01 4.00963771e-04 1.42899591e-02
 5.44647496e-01 4.05666194e-04 1.53853721e-02
 5.56862098e-01 4.09127770e-04 1.65128439e-02
 5.68523644e-01 4.11318112e-04 1.76712067e-02
 5.79638532e-01 4.12208675e-04 1.88592647e-02
 5.90212784e-01 4.11772795e-04 2.00757954e-02
 6.00252064e-01 4.09985741e-04 2.13195513e-02
 6.09761686e-01 4.06824755e-04 2.25892614e-02
 6.18746632e-01 4.02269086e-04 2.38836327e-02
 6.27211558e-01 3.96300038e-04 2.52013522e-02
 6.35160807e-01 3.88900997e-04 2.65410876e-02
 6.42598417e-01 3.80057467e-04 2.79014899e-02
 6.49528131e-01 3.69757100e-04 2.92811942e-02
 6.55953403e-01 3.57989724e-04 3.06788218e-02
 6.61877407e-01 3.44747369e-04 3.20929813e-02
 6.67303043e-01 3.30024288e-04 3.35222707e-02
 6.72232941e-01 3.13816980e-04 3.49652784e-02
 6.76669470e-01 2.96124204e-04 3.64205852e-02
 6.80614739e-01 2.76946999e-04 3.78867656e-02
 6.84070604e-01 2.56288691e-04 3.93623894e-02
 6.87038670e-01 2.34154906e-04 4.08460229e-02
 6.89520297e-01 2.10553577e-04 4.23362308e-02
 6.91516595e-01 1.85494946e-04 4.38315774e-02
 6.93028437e-01 1.58991568e-04 4.53306280e-02
 6.94056452e-01 1.31058309e-04 4.68319506e-02
 6.94601030e-01 1.01712340e-04 4.83341167e-02
 6.94662321e-01 7.09731331e-05 4.98357032e-02
 6.94240237e-01 3.88624512e-05 5.13352934e-02
 6.93334450e-01 5.40433479e-06 5.28314783e-02
 6.91944393e-01 2.93740494e-05 5.43228582e-02
 6.90069257e-01 6.54424576e-05 5.58080434e-02
 6.87707991e-01 1.02769813e-04 5.72856556e-02
 6.84859295e-01 1.41322868e-04 5.87543294e-02
 6.81521627e-01 1.81066198e-04 6.02127128e-02
 6.77693188e-01 2.21962239e-04 6.16594688e-02
 6.73371928e-01 2.63971313e-04 6.30932763e-02
 6.68555536e-01 3.07051669e-04 6.45128310e-02
 6.63241437e-01 3.51159521e-04 6.59168466e-02
 6.57426785e-01 3.96249086e-04 6.73040557e-02
 6.51108461e-01 4.42272630e-04 6.86732105e-02
 6.44283060e-01 4.89180514e-04 7.00230843e-02
 6.36946890e-01 5.36921244e-04 7.13524715e-02
 6.29095958e-01 5.85441518e-04 7.26601893e-02
 6.20725966e-01 6.34686284e-04 7.39450779e-02
 6.11832299e-01 6.84598794e-04 7.52060016e-02
 6.02410012e-01 7.35120662e-04 7.64418492e-02
 5.92453823e-01 7.86191924e-04 7.76515352e-02
 5.81958101e-01 8.37751105e-04 7.88340001e-02
 5.70916845e-01 8.89735275e-04 7.99882112e-02
 5.59323680e-01 9.42080125e-04 8.11131632e-02
 5.47171832e-01 9.94720031e-04 8.22078788e-02
 5.34454117e-01 1.04758812e-03 8.32714091e-02
 5.21162920e-01 1.10061636e-03 8.43028346e-02
 5.07290175e-01 1.15373561e-03 8.53012653e-02
 4.92827345e-01 1.20687572e-03 8.62658414e-02
 4.77765399e-01 1.25996558e-03 8.71957335e-02
 4.62094783e-01 1.31293323e-03 8.80901434e-02
 4.45805399e-01 1.36570593e-03 8.89483044e-02
 4.28886571e-01 1.41821021e-03 8.97694817e-02
 4.11327013e-01 1.47037202e-03 9.05529726e-02
 3.93114800e-01 1.52211676e-03 9.12981071e-02
 3.74237323e-01 1.57336937e-03 9.20042483e-02
 3.54681255e-01 1.62405443e-03 9.26707923e-02
 3.34432502e-01 1.67409627e-03 9.32971690e-02
 3.13476160e-01 1.72341902e-03 9.38828422e-02
 2.91796456e-01 1.77194669e-03 9.44273096e-02
 2.69376698e-01 1.81960331e-03 9.49301035e-02
 2.46199209e-01 1.86631300e-03 9.53907908e-02
 2.22245259e-01 1.91200002e-03 9.58089731e-02
 1.97494994e-01 1.95658892e-03 9.61842871e-02
 1.71927348e-01 2.00000461e-03 9.65164048e-02
 1.45519959e-01 2.04217243e-03 9.68050336e-02
 1.18249068e-01 2.08301828e-03 9.70499162e-02
 9.00894116e-02 2.12246867e-03 9.72508314e-02
 6.10140984e-02 2.16045084e-03 9.74075934e-02
 3.09944796e-02 2.19689286e-03 9.75200525e-02
 0.00000000e+00 2.23172370e-03 9.75880953e-02
 3.10095186e-02 2.26487330e-03 9.76116441e-02
 6.10724459e-02 2.29627273e-03 9.75906575e-02
 9.02168255e-02 2.32585421e-03 9.75251306e-02
 1.18469037e-01 2.35355124e-03 9.74150946e-02
 1.45853915e-01 2.37929865e-03 9.72606170e-02
 1.72394859e-01 2.40303275e-03 9.70618016e-02
 1.98113932e-01 2.42469134e-03 9.68187889e-02
 2.23031952e-01 2.44421387e-03 9.65317554e-02
 2.47168572e-01 2.46154146e-03 9.62009140e-02
 2.70542358e-01 2.47661703e-03 9.58265141e-02
 2.93170855e-01 2.48938536e-03 9.54088410e-02
 3.15070654e-01 2.49979317e-03 9.49482165e-02
 3.36257447e-01 2.50778920e-03 9.44449983e-02
 3.56746083e-01 2.51332432e-03 9.38995802e-02
 3.76550615e-01 2.51635153e-03 9.33123919e-02
 3.95684346e-01 2.51682613e-03 9.26838987e-02
 4.14159871e-01 2.51470570e-03 9.20146018e-02
 4.31989114e-01 2.50995025e-03 9.13050376e-02
 4.49183368e-01 2.50252223e-03 9.05557778e-02
 4.65753321e-01 2.49238664e-03 8.97674294e-02
 4.81709093e-01 2.47951104e-03 8.89406339e-02
 4.97060259e-01 2.46386568e-03 8.80760677e-02
 5.11815879e-01 2.44542351e-03 8.71744415e-02
 5.25984520e-01 2.42416025e-03 8.62364999e-02
 5.39574277e-01 2.40005445e-03 8.52630213e-02
 5.52592797e-01 2.37308755e-03 8.42548178e-02
 5.65047296e-01 2.34324390e-03 8.32127343e-02
 5.76944577e-01 2.31051084e-03 8.21376484e-02
 5.88291047e-01 2.27487874e-03 8.10304701e-02
 5.99092732e-01 2.23634103e-03 7.98921412e-02
 6.09355290e-01 2.19489422e-03 7.87236350e-02
 6.19084025e-01 2.15053799e-03 7.75259556e-02
 6.28283901e-01 2.10327518e-03 7.63001376e-02
 6.36959548e-01 2.05311183e-03 7.50472454e-02
 6.45115276e-01 2.00005721e-03 7.37683726e-02
 6.52755085e-01 1.94412386e-03 7.24646415e-02
 6.59882671e-01 1.88532757e-03 7.11372026e-02
 6.66501434e-01 1.82368744e-03 6.97872335e-02
 6.72614486e-01 1.75922588e-03 6.84159386e-02
 6.78224659e-01 1.69196860e-03 6.70245481e-02
 6.83334507e-01 1.62194467e-03 6.56143173e-02
 6.87946314e-01 1.54918646e-03 6.41865258e-02
 6.92062097e-01 1.47372968e-03 6.27424767e-02
 6.95683611e-01 1.39561339e-03 6.12834956e-02
 6.98812353e-01 1.31487997e-03 5.98109296e-02
 7.01449562e-01 1.23157510e-03 5.83261466e-02
 7.03596222e-01 1.14574779e-03 5.68305341e-02
 7.05253069e-01 1.05745031e-03 5.53254981e-02
 7.06420583e-01 9.66738241e-04 5.38124621e-02
 7.07098997e-01 8.73670373e-04 5.22928660e-02
 7.07288292e-01 7.78308739e-04 5.07681650e-02
 7.06988198e-01 6.80718557e-04 4.92398281e-02
 7.06198194e-01 5.80968206e-04 4.77093372e-02
 7.04917508e-01 4.79129184e-04 4.61781856e-02
 7.03145109e-01 3.75276074e-04 4.46478767e-02
 7.00879712e-01 2.69486493e-04 4.31199228e-02
 6.98119769e-01 1.61841049e-04 4.15958435e-02
 6.94863470e-01 5.24232895e-05 4.00771643e-02
 6.91108735e-01 5.86769090e-05 3.85654154e-02
 6.86853211e-01 1.71351251e-04 3.70621297e-02
 6.82094266e-01 2.85503943e-04 3.55688417e-02
 6.76828983e-01 4.01039316e-04 3.40870857e-02
 6.71054155e-01 5.17859141e-04 3.26183943e-02
 6.64766272e-01 6.35862716e-04 3.11642967e-02
 6.57961519e-01 7.54946938e-04 2.97263173e-02
 6.50635762e-01 8.75006391e-04 2.83059735e-02
 6.42784540e-01 9.95933431e-04 2.69047744e-02
 6.34403055e-01 1.11761827e-03 2.55242191e-02
 6.25486157e-01 1.23994909e-03 2.41657947e-02
 6.16028334e-01 1.36281209e-03 2.28309749e-02
 6.06023696e-01 1.48609164e-03 2.15212176e-02
 5.95465959e-01 1.60967035e-03 2.02379640e-02
 5.84348429e-01 1.73342916e-03 1.89826361e-02
 5.72663987e-01 1.85724747e-03 1.77566353e-02
 5.60405063e-01 1.98100325e-03 1.65613402e-02
 5.47563619e-01 2.10457313e-03 1.53981055e-02
 5.34131124e-01 2.22783251e-03 1.42682594e-02
 5.20098532e-01 2.35065570e-03 1.31731026e-02
 5.05456251e-01 2.47291600e-03 1.21139060e-02
 4.90194112e-01 2.59448585e-03 1.10919090e-02
 4.74301344e-01 2.71523693e-03 1.01083182e-02
 4.57766531e-01 2.83504028e-03 9.16430534e-03
 4.40577578e-01 2.95376643e-03 8.26100562e-03
 4.22721671e-01 3.07128552e-03 7.39951625e-03
 4.04185227e-01 3.18746744e-03 6.58089478e-03
 3.84953848e-01 3.30218192e-03 5.80615750e-03
 3.65012265e-01 3.41529869e-03 5.07627799e-03
 3.44344283e-01 3.52668759e-03 4.39218559e-03
 3.22932709e-01 3.63621872e-03 3.75476405e-03
 3.00759289e-01 3.74376254e-03 3.16485011e-03
 2.77804621e-01 3.84919002e-03 2.62323226e-03
 2.54048077e-01 3.95237278e-03 2.13064942e-03
 2.29467704e-01 4.05318318e-03 1.68778986e-03
 2.04040116e-01 4.15149451e-03 1.29528999e-03
 1.77740384e-01 4.24718107e-03 9.53733418e-04
 1.50541901e-01 4.34011833e-03 6.63649927e-04
 1.22416239e-01 4.43018306e-03 4.25514612e-04
 9.33329903e-02 4.51725345e-03 2.39747072e-04
 6.32595867e-02 4.60120924e-03 1.06710684e-04
 3.21610966e-02 4.68193187e-03 2.67119613e-05
 0.00000000e+00 4.75930459e-03 0.00000000e+00
 3.21930991e-02 4.83321260e-03 2.67660086e-05
 6.33836120e-02 4.90354319e-03 1.07142928e-04
 9.36035449e-02 4.97018582e-03 2.41205140e-04
 1.22882872e-01 5.03303232e-03 4.28968267e-04
 1.51249693e-01 5.09197695e-03 6.70389063e-04
 1.78730381e-01 5.14691656e-03 9.65365391e-04
 2.05349709e-01 5.19775070e-03 1.31373630e-03
 2.31130966e-01 5.24438176e-03 1.71528219e-03
 2.56096067e-01 5.28671506e-03 2.16972505e-03
 2.80265646e-01 5.32465900e-03 2.67672882e-03
 3.03659144e-01 5.35812514e-03 3.23589983e-03
 3.26294892e-01 5.38702836e-03 3.84678729e-03
 3.48190179e-01 5.41128694e-03 4.50888391e-03
 3.69361318e-01 5.43082267e-03 5.22162662e-03
 3.89823714e-01 5.44556099e-03 5.98439729e-03
 4.09591910e-01 5.45543105e-03 6.79652361e-03
 4.28679644e-01 5.46036585e-03 7.65728005e-03
 4.47099895e-01 5.46030233e-03 8.56588879e-03
 4.64864924e-01 5.45518148e-03 9.52152089e-03
 4.81986313e-01 5.44494839e-03 1.05232974e-02
 4.98475005e-01 5.42955242e-03 1.15702904e-02
 5.14341335e-01 5.40894720e-03 1.26615248e-02
 5.29595060e-01 5.38309081e-03 1.37959790e-02
 5.44245389e-01 5.35194579e-03 1.49725866e-02
 5.58301010e-01 5.31547924e-03 1.61902382e-02
 5.71770110e-01 5.27366294e-03 1.74477822e-02
 5.84660404e-01 5.22647336e-03 1.87440268e-02
 5.96979149e-01 5.17389177e-03 2.00777415e-02
 6.08733166e-01 5.11590430e-03 2.14476588e-02
 6.19928860e-01 5.05250199e-03 2.28524754e-02
 6.30572232e-01 4.98368088e-03 2.42908547e-02
 6.40668894e-01 4.90944203e-03 2.57614278e-02
 6.50224086e-01 4.82979158e-03 2.72627953e-02
 6.59242687e-01 4.74474083e-03 2.87935297e-02
 6.67729224e-01 4.65430623e-03 3.03521764e-02
 6.75687887e-01 4.55850947e-03 3.19372558e-02
 6.83122535e-01 4.45737749e-03 3.35472652e-02
 6.90036705e-01 4.35094251e-03 3.51806804e-02
 6.96433623e-01 4.23924205e-03 3.68359576e-02
 7.02316208e-01 4.12231899e-03 3.85115351e-02
 7.07687077e-01 4.00022153e-03 4.02058353e-02
 7.12548555e-01 3.87300327e-03 4.19172662e-02
 7.16902677e-01 3.74072316e-03 4.36442234e-02
 7.20751192e-01 3.60344552e-03 4.53850917e-02
 7.24095566e-01 3.46124007e-03 4.71382469e-02
 7.26936989e-01 3.31418188e-03 4.89020578e-02
 7.29276370e-01 3.16235138e-03 5.06748872e-02
 7.31114346e-01 3.00583437e-03 5.24550944e-02
 7.32451277e-01 2.84472195e-03 5.42410362e-02
 7.33287250e-01 2.67911051e-03 5.60310691e-02
 7.33622077e-01 2.50910175e-03 5.78235502e-02
 7.33455293e-01 2.33480255e-03 5.96168397e-02
 7.32786159e-01 2.15632503e-03 6.14093014e-02
 7.31613654e-01 1.97378643e-03 6.31993051e-02
 7.29936475e-01 1.78730909e-03 6.49852275e-02
 7.27753033e-01 1.59702040e-03 6.67654539e-02
 7.25061450e-01 1.40305273e-03 6.85383796e-02
 7.21859551e-01 1.20554335e-03 7.03024111e-02
 7.18144862e-01 1.00463438e-03 7.20559676e-02
 7.13914600e-01 8.00472707e-04 7.37974824e-02
 7.09165667e-01 5.93209908e-04 7.55254037e-02
 7.03894643e-01 3.83002145e-04 7.72381963e-02
 6.98097774e-01 1.70010091e-04 7.89343427e-02
 6.91770967e-01 4.55990970e-05 8.06123439e-02
 6.84909772e-01 2.63592775e-04 8.22707209e-02
 6.77509375e-01 4.83765481e-04 8.39080158e-02
 6.69564583e-01 7.05936861e-04 8.55227924e-02
 6.61069810e-01 9.29922893e-04 8.71136376e-02
 6.52019058e-01 1.15553603e-03 8.86791622e-02
 6.42405905e-01 1.38258533e-03 9.02180019e-02
 6.32223482e-01 1.61087663e-03 9.17288183e-02
 6.21464451e-01 1.84021266e-03 9.32102993e-02
 6.10120987e-01 2.07039323e-03 9.46611605e-02
 5.98184751e-01 2.30121536e-03 9.60801457e-02
 5.85646862e-01 2.53247346e-03 9.74660278e-02
 5.72497870e-01 2.76395951e-03 9.88176091e-02
 5.58727723e-01 2.99546318e-03 1.00133723e-01
 5.44325733e-01 3.22677206e-03 1.01413233e-01
 5.29280537e-01 3.45767178e-03 1.02655036e-01
 5.13580056e-01 3.68794623e-03 1.03858059e-01
 4.97211451e-01 3.91737773e-03 1.05021265e-01
 4.80161071e-01 4.14574719e-03 1.06143647e-01
 4.62414399e-01 4.37283433e-03 1.07224235e-01
 4.43955996e-01 4.59841782e-03 1.08262093e-01
 4.24769429e-01 4.82227553e-03 1.09256318e-01
 4.04837205e-01 5.04418469e-03 1.10206047e-01
 3.84140684e-01 5.26392206e-03 1.11110448e-01
 3.62659999e-01 5.48126418e-03 1.11968729e-01
 3.40373952e-01 5.69598752e-03 1.12780134e-01
 3.17259909e-01 5.90786870e-03 1.13543944e-01
 2.93293675e-01 6.11668468e-03 1.14259477e-01
 2.68449369e-01 6.32221297e-03 1.14926092e-01
 2.42699262e-01 6.52423183e-03 1.15543182e-01
 2.16013620e-01 6.72252045e-03 1.16110183e-01
 1.88360508e-01 6.91685920e-03 1.16626567e-01
 1.59705584e-01 7.10702978e-03 1.17091849e-01
 1.30011853e-01 7.29281547e-03 1.17505578e-01
 9.92394021e-02 7.47400128e-03 1.17867350e-01
 6.73450881e-02 7.65037421e-03 1.18176795e-01
 3.42821888e-02 7.82172342e-03 1.18433588e-01
 0.00000000e+00 7.98784044e-03 1.18637442e-01
 3.43356419e-02 8.14851937e-03 1.18788114e-01
 6.75518326e-02 8.30355710e-03 1.18885398e-01
 9.96895627e-02 8.45275348e-03 1.18929133e-01
 1.30786899e-01 8.59591154e-03 1.18919199e-01
 1.60879250e-01 8.73283769e-03 1.18855517e-01
 1.89999595e-01 8.86334191e-03 1.18738052e-01
 2.18178698e-01 8.98723795e-03 1.18566808e-01
 2.45445289e-01 9.10434352e-03 1.18341836e-01
 2.71826229e-01 9.21448051e-03 1.18063224e-01
 2.97346658e-01 9.31747512e-03 1.17731109e-01
 3.22030132e-01 9.41315813e-03 1.17345666e-01
 3.45898737e-01 9.50136502e-03 1.16907116e-01
 3.68973198e-01 9.58193619e-03 1.16415721e-01
 3.91272981e-01 9.65471713e-03 1.15871789e-01
 4.12816373e-01 9.71955862e-03 1.15275669e-01
 4.33620569e-01 9.77631687e-03 1.14627755e-01
 4.53701742e-01 9.82485373e-03 1.13928484e-01
 4.73075109e-01 9.86503686e-03 1.13178337e-01
 4.91754989e-01 9.89673986e-03 1.12377837e-01
 5.09754863e-01 9.91984250e-03 1.11527554e-01
 5.27087418e-01 9.93423082e-03 1.10628100e-01
 5.43764597e-01 9.93979732e-03 1.09680129e-01
 5.59797640e-01 9.93644112e-03 1.08684341e-01
 5.75197121e-01 9.92406811e-03 1.07641481e-01
 5.89972983e-01 9.90259106e-03 1.06552333e-01
 6.04134575e-01 9.87192983e-03 1.05417730e-01
 6.17690674e-01 9.83201146e-03 1.04238544e-01
 6.30649516e-01 9.78277033e-03 1.03015692e-01
 6.43018823e-01 9.72414826e-03 1.01750136e-01
 6.54805822e-01 9.65609468e-03 1.00442878e-01
 6.66017267e-01 9.57856673e-03 9.90949641e-02
 6.76659460e-01 9.49152938e-03 9.77074835e-02
 6.86738265e-01 9.39495553e-03 9.62815668e-02
 6.96259127e-01 9.28882614e-03 9.48183869e-02
 7.05227085e-01 9.17313032e-03 9.33191582e-02
 7.13646787e-01 9.04786544e-03 9.17851363e-02
 7.21522499e-01 8.91303720e-03 9.02176178e-02
 7.28858118e-01 8.76865973e-03 8.86179395e-02
 7.35657183e-01 8.61475568e-03 8.69874780e-02
 7.41922879e-01 8.45135628e-03 8.53276492e-02
 7.47658049e-01 8.27850141e-03 8.36399079e-02
 7.52865200e-01 8.09623967e-03 8.19257468e-02
 7.57546508e-01 7.90462845e-03 8.01866957e-02
 7.61703822e-01 7.70373396e-03 7.84243215e-02
 7.65338669e-01 7.49363128e-03 7.66402265e-02
 7.68452259e-01 7.27440440e-03 7.48360482e-02
 7.71045484e-01 7.04614625e-03 7.30134580e-02
 7.73118921e-01 6.80895876e-03 7.11741604e-02
 7.74672836e-01 6.56295280e-03 6.93198919e-02
 7.75707177e-01 6.30824827e-03 6.74524200e-02
 7.76221579e-01 6.04497408e-03 6.55735420e-02
 7.76215361e-01 5.77326811e-03 6.36850836e-02
 7.75687521e-01 5.49327727e-03 6.17888980e-02
 7.74636737e-01 5.20515740e-03 5.98868642e-02
 7.73061358e-01 4.90907334e-03 5.79808856e-02
 7.70959404e-01 4.60519881e-03 5.60728889e-02
 7.68328554e-01 4.29371643e-03 5.41648219e-02
 7.65166146e-01 3.97481763e-03 5.22586524e-02
 7.61469161e-01 3.64870263e-03 5.03563665e-02
 7.57234221e-01 3.31558036e-03 4.84599663e-02
 7.52457577e-01 2.97566839e-03 4.65714687e-02
 7.47135094e-01 2.62919284e-03 4.46929032e-02
 7.41262241e-01 2.27638833e-03 4.28263097e-02
 7.34834080e-01 1.91749781e-03 4.09737372e-02
 7.27845245e-01 1.55277255e-03 3.91372408e-02
 7.20289929e-01 1.18247195e-03 3.73188800e-02
 7.12161863e-01 8.06863444e-04 3.55207167e-02
 7.03454296e-01 4.26222390e-04 3.37448123e-02
 6.94159975e-01 4.08319028e-05 3.19932259e-02
 6.84271117e-01 3.48895512e-04 3.02680115e-02
 6.73779384e-01 7.42475288e-04 2.85712158e-02
 6.62675852e-01 1.13959150e-03 2.69048758e-02
 6.50950981e-01 1.53992370e-03 2.52710157e-02
 6.38594578e-01 1.94314544e-03 2.36716450e-02
 6.25595758e-01 2.34892455e-03 2.21087555e-02
 6.11942901e-01 2.75692339e-03 2.05843184e-02
 5.97623610e-01 3.16679903e-03 1.91002823e-02
 5.82624651e-01 3.57820358e-03 1.76585697e-02
 5.66931905e-01 3.99078443e-03 1.62610750e-02
 5.50530301e-01 4.40418450e-03 1.49096613e-02
 5.33403749e-01 4.81804251e-03 1.36061576e-02
 5.15535064e-01 5.23199328e-03 1.23523564e-02
 4.96905882e-01 5.64566800e-03 1.11500107e-02
 4.77496567e-01 6.05869451e-03 1.00008314e-02
 4.57286109e-01 6.47069758e-03 8.90648443e-03
 4.36252008e-01 6.88129923e-03 7.86858836e-03
 4.14370144e-01 7.29011902e-03 6.88871144e-03
 3.91614640e-01 7.69677433e-03 5.96836914e-03
 3.67957694e-01 8.10088068e-03 5.10902159e-03
 3.43369406e-01 8.50205205e-03 4.31207105e-03
 3.17817567e-01 8.89990117e-03 3.57885948e-03
 2.91267440e-01 9.29403981e-03 2.91066617e-03
 2.63681490e-01 9.68407917e-03 2.30870541e-03
 2.35019097e-01 1.00696301e-02 1.77412432e-03
 2.05236215e-01 1.04503035e-02 1.30800070e-03
 1.74284987e-01 1.08257106e-02 9.11341007e-04
 1.42113303e-01 1.11954634e-02 5.85078416e-04
 1.08664293e-01 1.15591745e-02 3.30071033e-04
 7.38757270e-02 1.19164584e-02 1.47100173e-04
 3.76793357e-02 1.22669307e-02 3.68687859e-05
 0.00000000e+00 1.26102092e-02 0.00000000e+00
 3.77629941e-02 1.29459140e-02 3.70357998e-05
 7.41982733e-02 1.32736677e-02 1.48435837e-04
 1.09364523e-01 1.35930960e-02 3.34576379e-04
 1.43315574e-01 1.39038277e-02 5.95749404e-04
 1.76100914e-01 1.42054952e-02 9.32161841e-04
 2.07766141e-01 1.44977349e-02 1.34393495e-03
 2.38353345e-01 1.47801873e-02 1.83110388e-03
 2.67901452e-01 1.50524977e-02 2.39361732e-03
 2.96446523e-01 1.53143161e-02 3.03133738e-03
 3.24022016e-01 1.55652976e-02 3.74403958e-03
 3.50659018e-01 1.58051030e-02 4.53141298e-03
 3.76386452e-01 1.60333989e-02 5.39306050e-03
 4.01231259e-01 1.62498581e-02 6.32849938e-03
 4.25218562e-01 1.64541597e-02 7.33716176e-03
 4.48371810e-01 1.66459898e-02 8.41839547e-03
 4.70712909e-01 1.68250413e-02 9.57146489e-03
 4.92262340e-01 1.69910149e-02 1.07955520e-02
 5.13039263e-01 1.71436185e-02 1.20897577e-02
 5.33061611e-01 1.72825685e-02 1.34531027e-02
 5.52346176e-01 1.74075893e-02 1.48845296e-02
 5.70908688e-01 1.75184139e-02 1.63829038e-02
 5.88763882e-01 1.76147843e-02 1.79470158e-02
 6.05925564e-01 1.76964517e-02 1.95755826e-02
 6.22406668e-01 1.77631766e-02 2.12672495e-02
 6.38219304e-01 1.78147295e-02 2.30205928e-02
 6.53374812e-01 1.78508907e-02 2.48341209e-02
 6.67883804e-01 1.78714509e-02 2.67062776e-02
 6.81756197e-01 1.78762113e-02 2.86354433e-02
 6.95001258e-01 1.78649841e-02 3.06199383e-02
 7.07627631e-01 1.78375924e-02 3.26580247e-02
 7.19643366e-01 1.77938709e-02 3.47479088e-02
 7.31055952e-01 1.77336657e-02 3.68877441e-02
 7.41872335e-01 1.76568348e-02 3.90756334e-02
 7.52098942e-01 1.75632486e-02 4.13096320e-02
 7.61741707e-01 1.74527893e-02 4.35877497e-02
 7.70806080e-01 1.73253522e-02 4.59079538e-02
 7.79297052e-01 1.71808452e-02 4.82681722e-02
 7.87219162e-01 1.70191891e-02 5.06662952e-02
 7.94576517e-01 1.68403183e-02 5.31001793e-02
 8.01372802e-01 1.66441803e-02 5.55676490e-02
 8.07611287e-01 1.64307364e-02 5.80665001e-02
 8.13294840e-01 1.61999620e-02 6.05945023e-02
 8.18425933e-01 1.59518462e-02 6.31494017e-02
 8.23006647e-01 1.56863926e-02 6.57289235e-02
 8.27038683e-01 1.54036192e-02 6.83307751e-02
 8.30523358e-01 1.51035584e-02 7.09526480e-02
 8.33461613e-01 1.47862576e-02 7.35922211e-02
 8.35854017e-01 1.44517791e-02 7.62471624e-02
 8.37700762e-01 1.41002002e-02 7.89151324e-02
 8.39001666e-01 1.37316135e-02 8.15937861e-02
 8.39756171e-01 1.33461269e-02 8.42807750e-02
 8.39963341e-01 1.29438638e-02 8.69737504e-02
 8.39621858e-01 1.25249631e-02 8.96703648e-02
 8.38730017e-01 1.20895798e-02 9.23682747e-02
 8.37285718e-01 1.16378841e-02 9.50651423e-02
 8.35286464e-01 1.11700627e-02 9.77586381e-02
 8.32729346e-01 1.06863180e-02 1.00446443e-01
 8.29611037e-01 1.01868684e-02 1.03126249e-01
 8.25927780e-01 9.67194865e-03 1.05795763e-01
 8.21675375e-01 9.14180944e-03 1.08452707e-01
 8.16849161e-01 8.59671781e-03 1.11094823e-01
 8.11444007e-01 8.03695702e-03 1.13719868e-01
 8.05454286e-01 7.46282659e-03 1.16325625e-01
 7.98873862e-01 6.87464230e-03 1.18909896e-01
 7.91696060e-01 6.27273621e-03 1.21470510e-01
 7.83913649e-01 5.65745661e-03 1.24005318e-01
 7.75518809e-01 5.02916804e-03 1.26512202e-01
 7.66503105e-01 4.38825116e-03 1.28989069e-01
 7.56857451e-01 3.73510280e-03 1.31433860e-01
 7.46572075e-01 3.07013581e-03 1.33844542e-01
 7.35636481e-01 2.39377900e-03 1.36219118e-01
 7.24039399e-01 1.70647707e-03 1.38555621e-01
 7.11768742e-01 1.00869044e-03 1.40852122e-01
 6.98811550e-01 3.00895188e-04 1.43106725e-01
 6.85153932e-01 4.16243822e-04 1.45317570e-01
 6.70780997e-01 1.14143535e-03 1.47482836e-01
 6.55676785e-01 1.87403190e-03 1.49600738e-01
 6.39824188e-01 2.61346441e-03 1.51669531e-01
 6.23204854e-01 3.35915211e-03 1.53687511e-01
 6.05799095e-01 4.11050289e-03 1.55653012e-01
 5.87585773e-01 4.86691376e-03 1.57564412e-01
 5.68542177e-01 5.62777120e-03 1.59420128e-01
 5.48643885e-01 6.39245165e-03 1.61218622e-01
 5.27864611e-01 7.16032195e-03 1.62958397e-01
 5.06176028e-01 7.93073974e-03 1.64638002e-01
 4.83547576e-01 8.70305396e-03 1.66256030e-01
 4.59946236e-01 9.47660530e-03 1.67811116e-01
 4.35336285e-01 1.02507267e-02 1.69301945e-01
 4.09679005e-01 1.10247437e-02 1.70727244e-01
 3.82932362e-01 1.17979751e-02 1.72085789e-01
 3.55050631e-01 1.25697335e-02 1.73376402e-01
 3.25983972e-01 1.33393255e-02 1.74597952e-01
 2.95677931e-01 1.41060523e-02 1.75749357e-01
 2.64072876e-01 1.48692106e-02 1.76829581e-01
 2.31103326e-01 1.56280924e-02 1.77837640e-01
 1.96697179e-01 1.63819862e-02 1.78772596e-01
 1.60774797e-01 1.71301771e-02 1.79633563e-01
 1.23247928e-01 1.78719474e-02 1.80419704e-01
 8.40184290e-02 1.86065774e-02 1.81130231e-01
 4.29767310e-02 1.93333452e-02 1.81764411e-01
 0.00000000e+00 2.00515283e-02 1.82321557e-01
 4.31077731e-02 2.07604032e-02 1.82801038e-01
 8.45211900e-02 2.14592462e-02 1.83202272e-01
 1.24334453e-01 2.21473343e-02 1.83524734e-01
 1.62632493e-01 2.28239453e-02 1.83767946e-01
 1.99492144e-01 2.34883583e-02 1.83931490e-01
 2.34983133e-01 2.41398546e-02 1.84014996e-01
 2.69168919e-01 2.47777180e-02 1.84018153e-01
 3.02107410e-01 2.54012355e-02 1.83940703e-01
 3.33851586e-01 2.60096973e-02 1.83782444e-01
 3.64450020e-01 2.66023981e-02 1.83543230e-01
 3.93947347e-01 2.71786371e-02 1.83222971e-01
 4.22384656e-01 2.77377188e-02 1.82821634e-01
 4.49799845e-01 2.82789533e-02 1.82339245e-01
 4.76227921e-01 2.88016570e-02 1.81775888e-01
 5.01701272e-01 2.93051530e-02 1.81131703e-01
 5.26249900e-01 2.97887718e-02 1.80406894e-01
 5.49901634e-01 3.02518516e-02 1.79601721e-01
 5.72682311e-01 3.06937391e-02 1.78716507e-01
 5.94615944e-01 3.11137896e-02 1.77751635e-01
 6.15724864e-01 3.15113681e-02 1.76707551e-01
 6.36029857e-01 3.18858492e-02 1.75584762e-01
 6.55550276e-01 3.22366180e-02 1.74383840e-01
 6.74304149e-01 3.25630707e-02 1.73105420e-01
 6.92308272e-01 3.28646145e-02 1.71750201e-01
 7.09578293e-01 3.31406690e-02 1.70318949e-01
 7.26128792e-01 3.33906660e-02 1.68812494e-01
 7.41973343e-01 3.36140502e-02 1.67231735e-01
 7.57124585e-01 3.38102799e-02 1.65577636e-01
 7.71594270e-01 3.39788272e-02 1.63851229e-01
 7.85393318e-01 3.41191788e-02 1.62053617e-01
 7.98531864e-01 3.42308362e-02 1.60185972e-01
 8.11019294e-01 3.43133164e-02 1.58249533e-01
 8.22864288e-01 3.43661525e-02 1.56245613e-01
 8.34074853e-01 3.43888937e-02 1.54175596e-01
 8.44658349e-01 3.43811065e-02 1.52040936e-01
 8.54621521e-01 3.43423745e-02 1.49843162e-01
 8.63970522e-01 3.42722993e-02 1.47583874e-01
 8.72710935e-01 3.41705010e-02 1.45264748e-01
 8.80847792e-01 3.40366186e-02 1.42887531e-01
 8.88385592e-01 3.38703102e-02 1.40454048e-01
 8.95328315e-01 3.36712540e-02 1.37966197e-01
 9.01679438e-01 3.34391484e-02 1.35425951e-01
 9.07441940e-01 3.31737129e-02 1.32835362e-01
 9.12618321e-01 3.28746878e-02 1.30196553e-01
 9.17210600e-01 3.25418356e-02 1.27511726e-01
 9.21220325e-01 3.21749409e-02 1.24783160e-01
 9.24648580e-01 3.17738112e-02 1.22013208e-01
 9.27495984e-01 3.13382768e-02 1.19204300e-01
 9.29762692e-01 3.08681922e-02 1.16358942e-01
 9.31448397e-01 3.03634357e-02 1.13479715e-01
 9.32552324e-01 2.98239104e-02 1.10569277e-01
 9.33073233e-01 2.92495445e-02 1.07630359e-01
 9.33009404e-01 2.86402918e-02 1.04665766e-01
 9.32358641e-01 2.79961321e-02 1.01678378e-01
 9.31118252e-01 2.73170718e-02 9.86711450e-02
 9.29285048e-01 2.66031440e-02 9.56470905e-02
 9.26855322e-01 2.58544097e-02 9.26093073e-02
 9.23824842e-01 2.50709574e-02 8.95609569e-02
 9.20188829e-01 2.42529043e-02 8.65052682e-02
 9.15941939e-01 2.34003960e-02 8.34455355e-02
 9.11078244e-01 2.25136077e-02 8.03851167e-02
 9.05591205e-01 2.15927443e-02 7.73274313e-02
 8.99473646e-01 2.06380405e-02 7.42759578e-02
 8.92717722e-01 1.96497621e-02 7.12342317e-02
 8.85314892e-01 1.86282054e-02 6.82058421e-02
 8.77255872e-01 1.75736984e-02 6.51944294e-02
 8.68530603e-01 1.64866010e-02 6.22036817e-02
 8.59128198e-01 1.53673051e-02 5.92373316e-02
 8.49036897e-01 1.42162356e-02 5.62991529e-02
 8.38244005e-01 1.30338501e-02 5.33929559e-02
 8.26735837e-01 1.18206399e-02 5.05225844e-02
 8.14497639e-01 1.05771299e-02 4.76919105e-02
 8.01513520e-01 9.30387922e-03 4.49048305e-02
 7.87766362e-01 8.00148157e-03 4.21652602e-02
 7.73237723e-01 6.67056538e-03 3.94771295e-02
 7.57907736e-01 5.31179428e-03 3.68443776e-02
 7.41754982e-01 3.92586735e-03 3.42709471e-02
 7.24756366e-01 2.51351938e-03 3.17607788e-02
 7.06886958e-01 1.07552119e-03 2.93178056e-02
 6.88119834e-01 3.87170214e-04 2.69459463e-02
 6.68425878e-01 1.87065528e-03 2.46490994e-02
 6.47773573e-01 3.37270799e-03 2.24311370e-02
 6.26128756e-01 4.89223289e-03 2.02958976e-02
 6.03454342e-01 6.42810776e-03 1.82471798e-02
 5.79710009e-01 7.97918446e-03 1.62887353e-02
 5.54851837e-01 9.54428963e-03 1.44242619e-02
 5.28831893e-01 1.11222255e-02 1.26573962e-02
 5.01597756e-01 1.27117709e-02 1.09917071e-02
 4.73091961e-01 1.43116816e-02 9.43068754e-03
 4.43251356e-01 1.59206917e-02 7.97774826e-03
 4.12006355e-01 1.75375141e-02 6.63621001e-03
 3.79280048e-01 1.91608416e-02 5.40929646e-03
 3.44987171e-01 2.07893476e-02 4.30012708e-03
 3.09032858e-01 2.24216870e-02 3.31170999e-03
 2.71311175e-01 2.40564972e-02 2.44693499e-03
 2.31703342e-01 2.56923988e-02 1.70856672e-03
 1.90075584e-01 2.73279966e-02 1.09923795e-03
 1.46276515e-01 2.89618805e-02 6.21443071e-04
 1.00133910e-01 3.05926264e-02 2.77531832e-04
 5.14507089e-02 3.22187969e-02 6.97032793e-05
 0.00000000e+00 3.38389425e-02 0.00000000e+00
 5.16658476e-02 3.54516022e-02 7.03026521e-05
 1.00952946e-01 3.70553046e-02 2.82324826e-04
 1.48034059e-01 3.86485686e-02 6.37608257e-04
 1.93061137e-01 4.02299044e-02 1.13751841e-03
 2.36168525e-01 4.17978144e-02 1.78324045e-03
 2.77475573e-01 4.33507937e-02 2.57577566e-03
 3.17088776e-01 4.48873317e-02 3.51593826e-03
 3.55103542e-01 4.64059120e-02 4.60435268e-03
 3.91605663e-01 4.79050141e-02 5.84145130e-03
 4.26672547e-01 4.93831135e-02 7.22747270e-03
 4.60374256e-01 5.08386832e-02 8.76246032e-03
 4.92774387e-01 5.22701940e-02 1.04462617e-02
 5.23930821e-01 5.36761154e-02 1.22785281e-02
 5.53896366e-01 5.50549167e-02 1.42587147e-02
 5.82719306e-01 5.64050674e-02 1.63860814e-02
 6.10443882e-01 5.77250380e-02 1.86596938e-02
 6.37110701e-01 5.90133011e-02 2.10784249e-02
 6.62757101e-01 6.02683319e-02 2.36409573e-02
 6.87417462e-01 6.14886086e-02 2.63457856e-02
 7.11123483e-01 6.26726140e-02 2.91912199e-02
 7.33904425e-01 6.38188354e-02 3.21753884e-02
 7.55787323e-01 6.49257656e-02 3.52962424e-02
 7.76797177e-01 6.59919037e-02 3.85515595e-02
 7.96957120e-01 6.70157558e-02 4.19389489e-02
 8.16288563e-01 6.79958352e-02 4.54558563e-02
 8.34811333e-01 6.89306639e-02 4.90995689e-02
 8.52543788e-01 6.98187725e-02 5.28672215e-02
 8.69502920e-01 7.06587014e-02 5.67558019e-02
 8.85704456e-01 7.14490011e-02 6.07621575e-02
 9.01162937e-01 7.21882329e-02 6.48830011e-02
 9.15891794e-01 7.28749699e-02 6.91149181e-02
 9.29903419e-01 7.35077969e-02 7.34543725e-02
 9.43209223e-01 7.40853121e-02 7.78977142e-02
 9.55819692e-01 7.46061265e-02 8.24411857e-02
 9.67744434e-01 7.50688657e-02 8.70809293e-02
 9.78992224e-01 7.54721696e-02 9.18129938e-02
 9.89571043e-01 7.58146937e-02 9.66333419e-02
 9.99488112e-01 7.60951093e-02 1.01537857e-01
 1.00874992e+00 7.63121044e-02 1.06522351e-01
 1.01736226e+00 7.64643841e-02 1.11582569e-01
 1.02533023e+00 7.65506718e-02 1.16714200e-01
 1.03265829e+00 7.65697089e-02 1.21912880e-01
 1.03935025e+00 7.65202565e-02 1.27174200e-01
 1.04540929e+00 7.64010955e-02 1.32493715e-01
 1.05083798e+00 7.62110272e-02 1.37866945e-01
 1.05563827e+00 7.59488745e-02 1.43289387e-01
 1.05981153e+00 7.56134822e-02 1.48756518e-01
 1.06335853e+00 7.52037177e-02 1.54263799e-01
 1.06627945e+00 7.47184723e-02 1.59806688e-01
 1.06857385e+00 7.41566612e-02 1.65380635e-01
 1.07024073e+00 7.35172251e-02 1.70981096e-01
 1.07127847e+00 7.27991302e-02 1.76603534e-01
 1.07168484e+00 7.20013697e-02 1.82243426e-01
 1.07145700e+00 7.11229645e-02 1.87896263e-01
 1.07059145e+00 7.01629640e-02 1.93557561e-01
 1.06908408e+00 6.91204468e-02 1.99222860e-01
 1.06693007e+00 6.79945225e-02 2.04887729e-01
 1.06412395e+00 6.67843317e-02 2.10547770e-01
 1.06065949e+00 6.54890477e-02 2.16198624e-01
 1.05652976e+00 6.41078775e-02 2.21835970e-01
 1.05172703e+00 6.26400627e-02 2.27455528e-01
 1.04624274e+00 6.10848808e-02 2.33053067e-01
 1.04006751e+00 5.94416467e-02 2.38624401e-01
 1.03319102e+00 5.77097135e-02 2.44165397e-01
 1.02560203e+00 5.58884741e-02 2.49671971e-01
 1.01728825e+00 5.39773627e-02 2.55140096e-01
 1.00823634e+00 5.19758560e-02 2.60565801e-01
 9.98431799e-01 4.98834749e-02 2.65945171e-01
 9.87858883e-01 4.76997860e-02 2.71274351e-01
 9.76500532e-01 4.54244032e-02 2.76549546e-01
 9.64338256e-01 4.30569896e-02 2.81767022e-01
 9.51352024e-01 4.05972592e-02 2.86923108e-01
 9.37520134e-01 3.80449787e-02 2.92014194e-01
 9.22819071e-01 3.53999695e-02 2.97036736e-01
 9.07223341e-01 3.26621099e-02 3.01987251e-01
 8.90705292e-01 2.98313368e-02 3.06862323e-01
 8.73234901e-01 2.69076486e-02 3.11658600e-01
 8.54779543e-01 2.38911067e-02 3.16372794e-01
 8.35303723e-01 2.07818388e-02 3.21001682e-01
 8.14768765e-01 1.75800405e-02 3.25542107e-01
 7.93132471e-01 1.42859786e-02 3.29990974e-01
 7.70348711e-01 1.08999935e-02 3.34345257e-01
 7.46366967e-01 7.42250212e-03 3.38601991e-01
 7.21131790e-01 3.85400074e-03 3.42758275e-01
 6.94582184e-01 1.95068214e-04 3.46811273e-01
 6.66650873e-01 3.54104741e-03 3.50758214e-01
 6.37263454e-01 7.33711212e-03 3.54596386e-01
 6.06337382e-01 1.11905759e-02 3.58323143e-01
 5.73780784e-01 1.50988544e-02 3.61935900e-01
 5.39491033e-01 1.90592934e-02 3.65432132e-01
 5.03353035e-01 2.30691712e-02 3.68809379e-01
 4.65237164e-01 2.71257006e-02 3.72065237e-01
 4.24996743e-01 3.12260320e-02 3.75197366e-01
 3.82464949e-01 3.53672549e-02 3.78203484e-01
 3.37450978e-01 3.95464013e-02 3.81081368e-01
 2.89735252e-01 4.37604472e-02 3.83828855e-01
 2.39063350e-01 4.80063152e-02 3.86443840e-01
 1.85138249e-01 5.22808774e-02 3.88924274e-01
 1.27610274e-01 5.65809566e-02 3.91268170e-01
 6.60638786e-02 6.09033294e-02 3.93473593e-01
 0.00000000e+00 6.52447282e-02 3.95538670e-01
 6.64552626e-02 6.96018429e-02 3.97461581e-01
 1.29080906e-01 7.39713233e-02 3.99240566e-01
 1.88257273e-01 7.83497813e-02 4.00873918e-01
 2.44306100e-01 8.27337922e-02 4.02359988e-01
 2.97501964e-01 8.71198970e-02 4.03697186e-01
 3.48081059e-01 9.15046037e-02 4.04883975e-01
 3.96248016e-01 9.58843894e-02 4.05918876e-01
 4.42181266e-01 1.00255702e-01 4.06800467e-01
 4.86037308e-01 1.04614959e-01 4.07527385e-01
 5.27954133e-01 1.08958555e-01 4.08098321e-01
 5.68054008e-01 1.13282855e-01 4.08512029e-01
 6.06445745e-01 1.17584203e-01 4.08767318e-01
 6.43226573e-01 1.21858915e-01 4.08863059e-01
 6.78483697e-01 1.26103288e-01 4.08798183e-01
 7.12295589e-01 1.30313595e-01 4.08571681e-01
 7.44733089e-01 1.34486089e-01 4.08182610e-01
 7.75860321e-01 1.38617001e-01 4.07630088e-01
 8.05735481e-01 1.42702540e-01 4.06913300e-01
 8.34411508e-01 1.46738897e-01 4.06031496e-01
 8.61936659e-01 1.50722241e-01 4.04983996e-01
 8.88355004e-01 1.54648720e-01 4.03770190e-01
 9.13706856e-01 1.58514463e-01 4.02389539e-01
 9.38029145e-01 1.62315575e-01 4.00841582e-01
 9.61355742e-01 1.66048141e-01 3.99125930e-01
 9.83717743e-01 1.69708224e-01 3.97242277e-01
 1.00514372e+00 1.73291863e-01 3.95190398e-01
 1.02565993e+00 1.76795070e-01 3.92970154e-01
 1.04529053e+00 1.80213836e-01 3.90581492e-01
 1.06405773e+00 1.83544121e-01 3.88024452e-01
 1.08198194e+00 1.86781858e-01 3.85299171e-01
 1.09908192e+00 1.89922951e-01 3.82405882e-01
 1.11537489e+00 1.92963269e-01 3.79344923e-01
 1.13087664e+00 1.95898648e-01 3.76116740e-01
 1.14560160e+00 1.98724889e-01 3.72721890e-01
 1.15956297e+00 2.01437752e-01 3.69161048e-01
 1.17277274e+00 2.04032956e-01 3.65435011e-01
 1.18524179e+00 2.06506174e-01 3.61544704e-01
 1.19697995e+00 2.08853033e-01 3.57491186e-01
 1.20799603e+00 2.11069107e-01 3.53275656e-01
 1.21829786e+00 2.13149918e-01 3.48899459e-01
 1.22789237e+00 2.15090927e-01 3.44364093e-01
 1.23678557e+00 2.16887531e-01 3.39671216e-01
 1.24498262e+00 2.18535064e-01 3.34822654e-01
 1.25248784e+00 2.20028783e-01 3.29820409e-01
 1.25930470e+00 2.21363871e-01 3.24666666e-01
 1.26543590e+00 2.22535429e-01 3.19363804e-01
 1.27088333e+00 2.23538468e-01 3.13914400e-01
 1.27564807e+00 2.24367905e-01 3.08321245e-01
 1.27973044e+00 2.25018558e-01 3.02587348e-01
 1.28312997e+00 2.25485136e-01 2.96715950e-01
 1.28584540e+00 2.25762234e-01 2.90710530e-01
 1.28787465e+00 2.25844322e-01 2.84574822e-01
 1.28921487e+00 2.25725742e-01 2.78312820e-01
 1.28986236e+00 2.25400694e-01 2.71928793e-01
 1.28981258e+00 2.24863228e-01 2.65427294e-01
 1.28906012e+00 2.24107235e-01 2.58813176e-01
 1.28759866e+00 2.23126437e-01 2.52091601e-01
 1.28542096e+00 2.21914371e-01 2.45268053e-01
 1.28251882e+00 2.20464381e-01 2.38348351e-01
 1.27888299e+00 2.18769603e-01 2.31338663e-01
 1.27450317e+00 2.16822952e-01 2.24245516e-01
 1.26936792e+00 2.14617103e-01 2.17075811e-01
 1.26346461e+00 2.12144479e-01 2.09836836e-01
 1.25677934e+00 2.09397234e-01 2.02536278e-01
 1.24929685e+00 2.06367226e-01 1.95182236e-01
 1.24100041e+00 2.03046009e-01 1.87783229e-01
 1.23187175e+00 1.99424800e-01 1.80348216e-01
 1.22189091e+00 1.95494460e-01 1.72886599e-01
 1.21103609e+00 1.91245470e-01 1.65408238e-01
 1.19928353e+00 1.86667900e-01 1.57923456e-01
 1.18660731e+00 1.81751379e-01 1.50443055e-01
 1.17297916e+00 1.76485064e-01 1.42978315e-01
 1.15836821e+00 1.70857604e-01 1.35541006e-01
 1.14274076e+00 1.64857100e-01 1.28143386e-01
 1.12605998e+00 1.58471066e-01 1.20798211e-01
 1.10828554e+00 1.51686376e-01 1.13518730e-01
 1.08937329e+00 1.44489221e-01 1.06318683e-01
 1.06927471e+00 1.36865050e-01 9.92123016e-02
 1.04793649e+00 1.28798509e-01 9.22142959e-02
 1.02529987e+00 1.20273375e-01 8.53398482e-02
 1.00129996e+00 1.11272481e-01 7.86045982e-02
 9.75864879e-01 1.01777637e-01 7.20246269e-02
 9.48914841e-01 9.17695361e-02 6.56164355e-02
 9.20360952e-01 8.12276570e-02 5.93969212e-02
 8.90103855e-01 7.01301521e-02 5.33833488e-02
 8.58032078e-01 5.84537231e-02 4.75933172e-02
 8.24020046e-01 4.61734823e-02 4.20447228e-02
 7.87925652e-01 3.32627979e-02 3.67557168e-02
 7.49587293e-01 1.96931188e-02 3.17446590e-02
 7.08820186e-01 5.43377865e-03 2.70300666e-02
 6.65411783e-01 9.45791933e-03 2.26305575e-02
 6.19115975e-01 2.46647229e-02 1.85647906e-02
 5.69645699e-01 4.01461113e-02 1.48514005e-02
 5.16663377e-01 5.58911417e-02 1.15089283e-02
 4.59768394e-01 7.18887940e-02 8.55574869e-03
 3.98480412e-01 8.81280012e-02 6.00999357e-03
 3.32216780e-01 1.04597679e-01 3.88947247e-03
 2.60261299e-01 1.21286752e-01 2.21159060e-03
 1.81720066e-01 1.38184182e-01 9.93265013e-04
 9.54574050e-02 1.55278993e-01 2.50839667e-04
 0.00000000e+00 1.72560292e-01 0.00000000e+00
 9.63327770e-02 1.90017289e-01 2.55687984e-04
 1.84927112e-01 2.07639323e-01 1.03201844e-03
 2.66916055e-01 2.25415873e-01 2.34219753e-03
 3.43191804e-01 2.43336578e-01 4.19844438e-03
 4.14469463e-01 2.61391252e-01 6.61191673e-03
 4.81331006e-01 2.79569896e-01 9.59264144e-03
 5.44256377e-01 2.97862709e-01 1.31494510e-02
 6.03645995e-01 3.16260099e-01 1.72899264e-02
 6.59837379e-01 3.34752693e-01 2.20203477e-02
 7.13117628e-01 3.53331344e-01 2.73456526e-02
 7.63732948e-01 3.71987135e-01 3.32694035e-02
 8.11896026e-01 3.90711386e-01 3.97937638e-02
 8.57791801e-01 4.09495658e-01 4.69194838e-02
 9.01582049e-01 4.28331756e-01 5.46458959e-02
 9.43409043e-01 4.47211729e-01 6.29709199e-02
 9.83398519e-01 4.66127873e-01 7.18910780e-02
 1.02166209e+00 4.85072729e-01 8.14015184e-02
 1.05829924e+00 5.04039085e-01 9.14960493e-02
 1.09339896e+00 5.23019973e-01 1.02167180e-01
 1.12704111e+00 5.42008668e-01 1.13406173e-01
 1.15929760e+00 5.60998682e-01 1.25203098e-01
 1.19023331e+00 5.79983767e-01 1.37546898e-01
 1.21990698e+00 5.98957908e-01 1.50425459e-01
 1.24837184e+00 6.17915317e-01 1.63825685e-01
 1.27567625e+00 6.36850434e-01 1.77733573e-01
 1.30186422e+00 6.55757918e-01 1.92134301e-01
 1.32697583e+00 6.74632645e-01 2.07012304e-01
 1.35104764e+00 6.93469700e-01 2.22351367e-01
 1.37411302e+00 7.12264377e-01 2.38134702e-01
 1.39620242e+00 7.31012168e-01 2.54345040e-01
 1.41734365e+00 7.49708760e-01 2.70964711e-01
 1.43756211e+00 7.68350032e-01 2.87975725e-01
 1.45688095e+00 7.86932045e-01 3.05359855e-01
 1.47532127e+00 8.05451038e-01 3.23098707e-01
 1.49290228e+00 8.23903427e-01 3.41173800e-01
 1.50964139e+00 8.42285790e-01 3.59566628e-01
 1.52555437e+00 8.60594871e-01 3.78258730e-01
 1.54065544e+00 8.78827569e-01 3.97231747e-01
 1.55495735e+00 8.96980934e-01 4.16467475e-01
 1.56847145e+00 9.15052162e-01 4.35947925e-01
 1.58120779e+00 9.33038591e-01 4.55655357e-01
 1.59317515e+00 9.50937692e-01 4.75572332e-01
 1.60438109e+00 9.68747067e-01 4.95681744e-01
 1.61483201e+00 9.86464444e-01 5.15966852e-01
 1.62453318e+00 1.00408767e+00 5.36411310e-01
 1.63348873e+00 1.02161472e+00 5.56999190e-01
 1.64170173e+00 1.03904365e+00 5.77715003e-01
 1.64917416e+00 1.05637266e+00 5.98543714e-01
 1.65590693e+00 1.07360003e+00 6.19470758e-01
 1.66189988e+00 1.09072414e+00 6.40482045e-01
 1.66715178e+00 1.10774347e+00 6.61563971e-01
 1.67166033e+00 1.12465659e+00 6.82703419e-01
 1.67542209e+00 1.14146216e+00 7.03887763e-01
 1.67843254e+00 1.15815890e+00 7.25104866e-01
 1.68068595e+00 1.17474564e+00 7.46343076e-01
 1.68217544e+00 1.19122127e+00 7.67591223e-01
 1.68289286e+00 1.20758475e+00 7.88838615e-01
 1.68282877e+00 1.22383512e+00 8.10075025e-01
 1.68197235e+00 1.23997148e+00 8.31290688e-01
 1.68031136e+00 1.25599299e+00 8.52476287e-01
 1.67783203e+00 1.27189887e+00 8.73622944e-01
 1.67451896e+00 1.28768840e+00 8.94722209e-01
 1.67035503e+00 1.30336093e+00 9.15766050e-01
 1.66532125e+00 1.31891583e+00 9.36746834e-01
 1.65939660e+00 1.33435254e+00 9.57657322e-01
 1.65255790e+00 1.34967056e+00 9.78490653e-01
 1.64477962e+00 1.36486940e+00 9.99240329e-01
 1.63603361e+00 1.37994864e+00 1.01990020e+00
 1.62628892e+00 1.39490790e+00 1.04046447e+00
 1.61551147e+00 1.40974683e+00 1.06092765e+00
 1.60366374e+00 1.42446511e+00 1.08128457e+00
 1.59070440e+00 1.43906247e+00 1.10153036e+00
 1.57658787e+00 1.45353868e+00 1.12166044e+00
 1.56126382e+00 1.46789351e+00 1.14167051e+00
 1.54467660e+00 1.48212679e+00 1.16155651e+00
 1.52676453e+00 1.49623836e+00 1.18131465e+00
 1.50745915e+00 1.51022811e+00 1.20094138e+00
 1.48668422e+00 1.52409592e+00 1.22043337e+00
 1.46435468e+00 1.53784174e+00 1.23978751e+00
 1.44037524e+00 1.55146550e+00 1.25900091e+00
 1.41463887e+00 1.56496717e+00 1.27807085e+00
 1.38702483e+00 1.57834674e+00 1.29699482e+00
 1.35739637e+00 1.59160422e+00 1.31577049e+00
 1.32559786e+00 1.60473965e+00 1.33439567e+00
 1.29145128e+00 1.61775306e+00 1.35286837e+00
 1.25475179e+00 1.63064451e+00 1.37118673e+00
 1.21526226e+00 1.64341408e+00 1.38934903e+00
 1.17270616e+00 1.65606187e+00 1.40735369e+00
 1.12675849e+00 1.66858797e+00 1.42519928e+00
 1.07703390e+00 1.68099250e+00 1.44288446e+00
 1.02307094e+00 1.69327559e+00 1.46040802e+00
 9.64310733e-01 1.70543738e+00 1.47776887e+00
 9.00067676e-01 1.71747802e+00 1.49496602e+00
 8.29488189e-01 1.72939767e+00 1.51199855e+00
 7.51491162e-01 1.74119650e+00 1.52886566e+00
 6.64679399e-01 1.75287468e+00 1.54556664e+00
 5.67203299e-01 1.76443240e+00 1.56210083e+00
 4.56542017e-01 1.77586986e+00 1.57846769e+00
 3.29133865e-01 1.78718725e+00 1.59466672e+00
 1.79711060e-01 1.79838478e+00 1.61069749e+00
 0.00000000e+00 1.80946266e+00 1.62655966e+00
 1.82968150e-01 1.82042110e+00 1.64225291e+00
 3.40307470e-01 1.83126033e+00 1.65777702e+00
 4.78548364e-01 1.84198057e+00 1.67313179e+00
 6.01987894e-01 1.85258205e+00 1.68831707e+00
 7.13604978e-01 1.86306501e+00 1.70333278e+00
 8.15550036e-01 1.87342967e+00 1.71817887e+00
 9.09426473e-01 1.88367629e+00 1.73285533e+00
 9.96461912e-01 1.89380510e+00 1.74736218e+00
 1.07761725e+00 1.90381635e+00 1.76169949e+00
 1.15365882e+00 1.91371028e+00 1.77586735e+00
 1.22520767e+00 1.92348714e+00 1.78986590e+00
 1.29277417e+00 1.93314717e+00 1.80369528e+00
 1.35678289e+00 1.94269064e+00 1.81735567e+00
 1.41759084e+00 1.95211778e+00 1.83084729e+00
 1.47550113e+00 1.96142886e+00 1.84417036e+00
 1.53077332e+00 1.97062412e+00 1.85732513e+00
 1.58363140e+00 1.97970381e+00 1.87031187e+00
 1.63427004e+00 1.98866819e+00 1.88313086e+00
 1.68285949e+00 1.99751750e+00 1.89578240e+00
 1.72954952e+00 2.00625201e+00 1.90826681e+00
 1.77447259e+00 2.01487195e+00 1.92058442e+00
 1.81774644e+00 2.02337758e+00 1.93273557e+00
 1.85947618e+00 2.03176915e+00 1.94472062e+00
 1.89975605e+00 2.04004690e+00 1.95653992e+00
 1.93867087e+00 2.04821109e+00 1.96819384e+00
 1.97629728e+00 2.05626195e+00 1.97968277e+00
 2.01270471e+00 2.06419974e+00 1.99100710e+00
 2.04795634e+00 2.07202468e+00 2.00216720e+00
 2.08210974e+00 2.07973703e+00 2.01316348e+00
 2.11521758e+00 2.08733702e+00 2.02399634e+00
 2.14732817e+00 2.09482489e+00 2.03466619e+00
 2.17848587e+00 2.10220087e+00 2.04517342e+00
 2.20873159e+00 2.10946520e+00 2.05551846e+00
 2.23810306e+00 2.11661810e+00 2.06570171e+00
 2.26663522e+00 2.12365980e+00 2.07572358e+00
 2.29436043e+00 2.13059053e+00 2.08558449e+00
 2.32130876e+00 2.13741051e+00 2.09528485e+00
 2.34750818e+00 2.14411996e+00 2.10482507e+00
 2.37298473e+00 2.15071910e+00 2.11420556e+00
 2.39776274e+00 2.15720814e+00 2.12342673e+00
 2.42186494e+00 2.16358730e+00 2.13248899e+00
 2.44531258e+00 2.16985678e+00 2.14139275e+00
 2.46812560e+00 2.17601680e+00 2.15013840e+00
 2.49032271e+00 2.18206755e+00 2.15872634e+00
 2.51192146e+00 2.18800923e+00 2.16715698e+00
 2.53293838e+00 2.19384205e+00 2.17543070e+00
 2.55338903e+00 2.19956620e+00 2.18354790e+00
 2.57328805e+00 2.20518187e+00 2.19150895e+00
 2.59264929e+00 2.21068925e+00 2.19931424e+00
 2.61148578e+00 2.21608852e+00 2.20696415e+00
 2.62980986e+00 2.22137987e+00 2.21445904e+00
 2.64763319e+00 2.22656348e+00 2.22179928e+00
 2.66496681e+00 2.23163952e+00 2.22898522e+00
 2.68182118e+00 2.23660816e+00 2.23601724e+00
 2.69820619e+00 2.24146957e+00 2.24289566e+00
 2.71413123e+00 2.24622393e+00 2.24962084e+00
 2.72960521e+00 2.25087138e+00 2.25619312e+00
 2.74463659e+00 2.25541210e+00 2.26261282e+00
 2.75923338e+00 2.25984623e+00 2.26888027e+00
 2.77340322e+00 2.26417393e+00 2.27499579e+00
 2.78715336e+00 2.26839535e+00 2.28095969e+00
 2.80049067e+00 2.27251064e+00 2.28677228e+00
 2.81342171e+00 2.27651992e+00 2.29243385e+00
 2.82595269e+00 2.28042335e+00 2.29794470e+00
 2.83808956e+00 2.28422107e+00 2.30330511e+00
 2.84983792e+00 2.28791319e+00 2.30851537e+00
 2.86120316e+00 2.29149985e+00 2.31357573e+00
 2.87219035e+00 2.29498117e+00 2.31848648e+00
 2.88280436e+00 2.29835728e+00 2.32324786e+00
 2.89304978e+00 2.30162828e+00 2.32786012e+00
 2.90293101e+00 2.30479431e+00 2.33232351e+00
 2.91245220e+00 2.30785546e+00 2.33663827e+00
 2.92161732e+00 2.31081184e+00 2.34080461e+00
 2.93043012e+00 2.31366356e+00 2.34482276e+00
 2.93889418e+00 2.31641071e+00 2.34869294e+00
 2.94701287e+00 2.31905339e+00 2.35241535e+00
 2.95478942e+00 2.32159170e+00 2.35599019e+00
 2.96222684e+00 2.32402572e+00 2.35941764e+00
 2.96932803e+00 2.32635554e+00 2.36269790e+00
 2.97609569e+00 2.32858124e+00 2.36583113e+00
 2.98253238e+00 2.33070290e+00 2.36881751e+00
 2.98864053e+00 2.33272058e+00 2.37165720e+00
 2.99442240e+00 2.33463437e+00 2.37435034e+00
 2.99988012e+00 2.33644434e+00 2.37689708e+00
 3.00501570e+00 2.33815053e+00 2.37929756e+00
 3.00983099e+00 2.33975302e+00 2.38155191e+00
 3.01432773e+00 2.34125186e+00 2.38366025e+00
 3.01850753e+00 2.34264710e+00 2.38562269e+00
 3.02237188e+00 2.34393879e+00 2.38743934e+00
 3.02592214e+00 2.34512698e+00 2.38911029e+00
 3.02915957e+00 2.34621171e+00 2.39063565e+00
 3.03208530e+00 2.34719302e+00 2.39201548e+00
 3.03470036e+00 2.34807094e+00 2.39324987e+00
 3.03700564e+00 2.34884550e+00 2.39433887e+00
 3.03900194e+00 2.34951673e+00 2.39528256e+00
 3.04068996e+00 2.35008466e+00 2.39608098e+00
 3.04207029e+00 2.35054929e+00 2.39673417e+00
 3.04314338e+00 2.35091066e+00 2.39724217e+00
 3.04390961e+00 2.35116877e+00 2.39760501e+00
 3.04436924e+00 2.35132364e+00 2.39782271e+00
